tvec,S,E,I1,I2,I3,D,R
0.0,0.7347000241279602,0.0007999999797903001,0.0015999999595806003,0.0005000000237487257,0.0,0.00139999995008111,0.26100000739097595
0.08336807042360306,0.734499990940094,0.0010000000474974513,0.0015999999595806003,0.0005000000237487257,0.0,0.00139999995008111,0.26100000739097595
0.16673614084720612,0.734499990940094,0.0010000000474974513,0.0015999999595806003,0.0005000000237487257,0.0,0.00139999995008111,0.26100000739097595
0.25010421872138977,0.7343999743461609,0.0010999999940395355,0.0015999999595806003,0.0005000000237487257,0.0,0.00139999995008111,0.26100000739097595
0.33347228169441223,0.7342000007629395,0.0013000000035390258,0.0015999999595806003,0.0005000000237487257,0.0,0.00139999995008111,0.26100000739097595
0.4168403446674347,0.7342000007629395,0.0013000000035390258,0.0015999999595806003,0.0005000000237487257,0.0,0.00139999995008111,0.26100000739097595
0.5002084374427795,0.7342000007629395,0.0013000000035390258,0.0015999999595806003,0.0005000000237487257,0.0,0.00139999995008111,0.26100000739097595
0.583576500415802,0.7342000007629395,0.0013000000035390258,0.0015999999595806003,0.0005000000237487257,0.0,0.00139999995008111,0.26100000739097595
0.6669445633888245,0.7342000007629395,0.0013000000035390258,0.0015999999595806003,0.0005000000237487257,0.0,0.00139999995008111,0.26100000739097595
0.7503126263618469,0.7342000007629395,0.0013000000035390258,0.0015999999595806003,0.0005000000237487257,0.0,0.00139999995008111,0.26100000739097595
0.8336806893348694,0.7340999841690063,0.00139999995008111,0.0015999999595806003,0.0005000000237487257,0.0,0.00139999995008111,0.26100000739097595
0.9170487523078918,0.7340999841690063,0.00139999995008111,0.0015999999595806003,0.0005000000237487257,0.0,0.00139999995008111,0.26100000739097595
1.000416874885559,0.734000027179718,0.001500000013038516,0.0015999999595806003,0.0005000000237487257,0.0,0.00139999995008111,0.26100000739097595
1.0837849378585815,0.7339000105857849,0.001500000013038516,0.0017000000225380063,0.0005000000237487257,0.0,0.00139999995008111,0.26100000739097595
1.167153000831604,0.7337999939918518,0.0015999999595806003,0.0017000000225380063,0.0005000000237487257,0.0,0.00139999995008111,0.26100000739097595
1.2505210638046265,0.7337999939918518,0.0015999999595806003,0.0017000000225380063,0.0005000000237487257,0.0,0.00139999995008111,0.26100000739097595
1.333889126777649,0.7337999939918518,0.0015999999595806003,0.0017000000225380063,0.00039999998989515007,0.0,0.00139999995008111,0.26109999418258667
1.4172571897506714,0.7335000038146973,0.0019000000320374966,0.0017000000225380063,0.00039999998989515007,0.0,0.00139999995008111,0.26109999418258667
1.5006252527236938,0.7335000038146973,0.0017999999690800905,0.0017999999690800905,0.00039999998989515007,0.0,0.00139999995008111,0.26109999418258667
1.5839931964874268,0.7332000136375427,0.0020000000949949026,0.0019000000320374966,0.00039999998989515007,0.0,0.00139999995008111,0.26109999418258667
1.6673613786697388,0.7332000136375427,0.0020000000949949026,0.0019000000320374966,0.00039999998989515007,0.0,0.00139999995008111,0.26109999418258667
1.7507294416427612,0.7330999970436096,0.002099999925121665,0.0019000000320374966,0.00039999998989515007,0.0,0.00139999995008111,0.26109999418258667
1.8340975046157837,0.7330999970436096,0.002099999925121665,0.0019000000320374966,0.00039999998989515007,0.0,0.00139999995008111,0.26109999418258667
1.9174655675888062,0.7329999804496765,0.002199999988079071,0.0019000000320374966,0.00039999998989515007,0.0,0.00139999995008111,0.26109999418258667
2.000833749771118,0.7329999804496765,0.002099999925121665,0.0020000000949949026,0.00039999998989515007,0.0,0.00139999995008111,0.26109999418258667
2.0842018127441406,0.7329000234603882,0.002199999988079071,0.0020000000949949026,0.00039999998989515007,0.0,0.00139999995008111,0.26109999418258667
2.167569875717163,0.7329000234603882,0.002199999988079071,0.0020000000949949026,0.00039999998989515007,0.0,0.00139999995008111,0.26109999418258667
2.2509379386901855,0.7329000234603882,0.002099999925121665,0.002099999925121665,0.00039999998989515007,0.0,0.00139999995008111,0.26109999418258667
2.334306001663208,0.7328000068664551,0.002199999988079071,0.002099999925121665,0.00039999998989515007,0.0,0.00139999995008111,0.26109999418258667
2.4176740646362305,0.7328000068664551,0.002199999988079071,0.002099999925121665,0.00039999998989515007,0.0,0.00139999995008111,0.26109999418258667
2.501042127609253,0.732699990272522,0.002300000051036477,0.002099999925121665,0.00039999998989515007,0.0,0.00139999995008111,0.26109999418258667
2.5844101905822754,0.732699990272522,0.002300000051036477,0.002099999925121665,0.00039999998989515007,0.0,0.00139999995008111,0.26109999418258667
2.667778253555298,0.732699990272522,0.002300000051036477,0.002099999925121665,0.00039999998989515007,0.0,0.00139999995008111,0.26109999418258667
2.7511463165283203,0.7325999736785889,0.002400000113993883,0.002099999925121665,0.00039999998989515007,0.0,0.00139999995008111,0.26109999418258667
2.8345143795013428,0.7325000166893005,0.0024999999441206455,0.002099999925121665,0.00039999998989515007,0.0,0.00139999995008111,0.26109999418258667
2.9178824424743652,0.7324000000953674,0.0024999999441206455,0.002199999988079071,0.00039999998989515007,0.0,0.00139999995008111,0.26109999418258667
3.0012505054473877,0.7324000000953674,0.002400000113993883,0.002300000051036477,0.00039999998989515007,0.0,0.00139999995008111,0.26109999418258667
3.08461856842041,0.7322999835014343,0.002400000113993883,0.002400000113993883,0.00039999998989515007,0.0,0.00139999995008111,0.26109999418258667
3.1679863929748535,0.7322999835014343,0.002400000113993883,0.002400000113993883,0.00039999998989515007,0.0,0.00139999995008111,0.26109999418258667
3.251354694366455,0.7322999835014343,0.002400000113993883,0.002400000113993883,0.0003000000142492354,9.999999747378752e-05,0.00139999995008111,0.26109999418258667
3.3347227573394775,0.732200026512146,0.0024999999441206455,0.002400000113993883,0.00019999999494757503,0.00019999999494757503,0.00139999995008111,0.26109999418258667
3.4180908203125,0.7319999933242798,0.0026000000070780516,0.0024999999441206455,0.00019999999494757503,0.00019999999494757503,0.00139999995008111,0.26109999418258667
3.5014588832855225,0.7318999767303467,0.0027000000700354576,0.0024999999441206455,0.00019999999494757503,9.999999747378752e-05,0.00139999995008111,0.2612000107765198
3.584827184677124,0.7317000031471252,0.002899999963119626,0.0024999999441206455,0.00019999999494757503,9.999999747378752e-05,0.00139999995008111,0.2612000107765198
3.6681950092315674,0.7317000031471252,0.002899999963119626,0.0024999999441206455,0.00019999999494757503,9.999999747378752e-05,0.00139999995008111,0.2612000107765198
3.751563310623169,0.7317000031471252,0.002899999963119626,0.0024999999441206455,0.00019999999494757503,9.999999747378752e-05,0.00139999995008111,0.2612000107765198
3.8349311351776123,0.7317000031471252,0.002899999963119626,0.0024999999441206455,9.999999747378752e-05,0.00019999999494757503,0.00139999995008111,0.2612000107765198
3.918299436569214,0.7317000031471252,0.002899999963119626,0.0024999999441206455,9.999999747378752e-05,0.00019999999494757503,0.00139999995008111,0.2612000107765198
4.001667499542236,0.7317000031471252,0.00279999990016222,0.0026000000070780516,9.999999747378752e-05,0.00019999999494757503,0.00139999995008111,0.2612000107765198
4.08503532409668,0.7315999865531921,0.002899999963119626,0.0024999999441206455,0.00019999999494757503,0.00019999999494757503,0.00139999995008111,0.2612000107765198
4.168403625488281,0.7315999865531921,0.002899999963119626,0.002400000113993883,0.00019999999494757503,0.00019999999494757503,0.00139999995008111,0.2612999975681305
4.251771450042725,0.7315999865531921,0.002899999963119626,0.002400000113993883,0.00019999999494757503,0.00019999999494757503,0.00139999995008111,0.2612999975681305
4.335139751434326,0.7315000295639038,0.00279999990016222,0.0026000000070780516,0.00019999999494757503,0.00019999999494757503,0.00139999995008111,0.2612999975681305
4.4185075759887695,0.7311000227928162,0.003100000089034438,0.0027000000700354576,0.00019999999494757503,0.00019999999494757503,0.00139999995008111,0.2612999975681305
4.501875877380371,0.7311000227928162,0.002899999963119626,0.002899999963119626,0.00019999999494757503,0.00019999999494757503,0.00139999995008111,0.2612999975681305
4.5852437019348145,0.7310000061988831,0.003000000026077032,0.002899999963119626,0.00019999999494757503,0.00019999999494757503,0.00139999995008111,0.2612999975681305
4.668612003326416,0.7310000061988831,0.003000000026077032,0.002899999963119626,0.00019999999494757503,0.00019999999494757503,0.00139999995008111,0.2612999975681305
4.751979827880859,0.73089998960495,0.0027000000700354576,0.0032999999821186066,0.00019999999494757503,0.00019999999494757503,0.00139999995008111,0.2612999975681305
4.835348129272461,0.7307999730110168,0.00279999990016222,0.0032999999821186066,0.00019999999494757503,0.00019999999494757503,0.00139999995008111,0.2612999975681305
4.918715953826904,0.7307999730110168,0.00279999990016222,0.0032999999821186066,0.00019999999494757503,0.00019999999494757503,0.00139999995008111,0.2612999975681305
5.002084255218506,0.7307999730110168,0.00279999990016222,0.0032999999821186066,0.00019999999494757503,0.00019999999494757503,0.00139999995008111,0.2612999975681305
5.085452079772949,0.7307000160217285,0.002899999963119626,0.0031999999191612005,0.0003000000142492354,0.00019999999494757503,0.00139999995008111,0.2612999975681305
5.168820381164551,0.7307000160217285,0.00279999990016222,0.0032999999821186066,0.0003000000142492354,0.00019999999494757503,0.00139999995008111,0.2612999975681305
5.252188682556152,0.7305999994277954,0.002899999963119626,0.0032999999821186066,0.0003000000142492354,0.00019999999494757503,0.00139999995008111,0.2612999975681305
5.335556507110596,0.7305999994277954,0.002899999963119626,0.0032999999821186066,0.0003000000142492354,0.00019999999494757503,0.00139999995008111,0.2612999975681305
5.418924808502197,0.7304999828338623,0.003000000026077032,0.0032999999821186066,0.0003000000142492354,0.00019999999494757503,0.00139999995008111,0.2612999975681305
5.502292633056641,0.7304999828338623,0.003000000026077032,0.0032999999821186066,0.0003000000142492354,0.00019999999494757503,0.00139999995008111,0.2612999975681305
5.585660934448242,0.7301999926567078,0.0032999999821186066,0.0031999999191612005,0.0003000000142492354,0.00019999999494757503,0.00139999995008111,0.2614000141620636
5.6690287590026855,0.7301999926567078,0.0032999999821186066,0.003100000089034438,0.0003000000142492354,0.00019999999494757503,0.00139999995008111,0.2615000009536743
5.752397060394287,0.7300999760627747,0.0034000000450760126,0.003000000026077032,0.0003000000142492354,0.00019999999494757503,0.00139999995008111,0.26159998774528503
5.8357648849487305,0.7300000190734863,0.0035000001080334187,0.003000000026077032,0.0003000000142492354,0.00019999999494757503,0.00139999995008111,0.26159998774528503
5.919133186340332,0.7300000190734863,0.0035000001080334187,0.003000000026077032,0.0003000000142492354,0.00019999999494757503,0.00139999995008111,0.26159998774528503
6.002501010894775,0.7299000024795532,0.0034000000450760126,0.0031999999191612005,0.0003000000142492354,0.00019999999494757503,0.00139999995008111,0.26159998774528503
6.085869312286377,0.7297999858856201,0.0035000001080334187,0.0031999999191612005,0.0003000000142492354,0.00019999999494757503,0.00139999995008111,0.26159998774528503
6.16923713684082,0.7297999858856201,0.0035000001080334187,0.0031999999191612005,0.0003000000142492354,0.00019999999494757503,0.00139999995008111,0.26159998774528503
6.252605438232422,0.7297999858856201,0.0034000000450760126,0.0031999999191612005,0.0003000000142492354,0.00019999999494757503,0.00139999995008111,0.26170000433921814
6.335972785949707,0.7297999858856201,0.0032999999821186066,0.0032999999821186066,0.0003000000142492354,0.00019999999494757503,0.00139999995008111,0.26170000433921814
6.419341087341309,0.7296000123023987,0.0035000001080334187,0.0032999999821186066,0.0003000000142492354,0.00019999999494757503,0.00139999995008111,0.26170000433921814
6.50270938873291,0.7296000123023987,0.0034000000450760126,0.0032999999821186066,0.0003000000142492354,0.00019999999494757503,0.00139999995008111,0.26179999113082886
6.586077690124512,0.7294999957084656,0.0035000001080334187,0.0031999999191612005,0.00039999998989515007,0.00019999999494757503,0.00139999995008111,0.26179999113082886
6.669445514678955,0.7293000221252441,0.003700000001117587,0.003000000026077032,0.0005000000237487257,0.00019999999494757503,0.00139999995008111,0.26190000772476196
6.752813816070557,0.7293000221252441,0.003599999938160181,0.003000000026077032,0.0005000000237487257,0.00019999999494757503,0.00139999995008111,0.2619999945163727
6.836181640625,0.729200005531311,0.003700000001117587,0.002899999963119626,0.0005000000237487257,0.00019999999494757503,0.00139999995008111,0.2621000111103058
6.919549942016602,0.7290999889373779,0.003800000064074993,0.002899999963119626,0.0005000000237487257,0.00019999999494757503,0.00139999995008111,0.2621000111103058
7.002917766571045,0.7289999723434448,0.0038999998942017555,0.00279999990016222,0.0005000000237487257,0.00019999999494757503,0.00139999995008111,0.2621999979019165
7.0862860679626465,0.7289999723434448,0.0038999998942017555,0.0027000000700354576,0.0005000000237487257,0.00019999999494757503,0.00139999995008111,0.2623000144958496
7.169654369354248,0.7289000153541565,0.004000000189989805,0.0027000000700354576,0.0005000000237487257,0.00019999999494757503,0.00139999995008111,0.2623000144958496
7.253021717071533,0.7287999987602234,0.0038999998942017555,0.002899999963119626,0.0005000000237487257,9.999999747378752e-05,0.00139999995008111,0.2624000012874603
7.336390018463135,0.7287999987602234,0.0038999998942017555,0.00279999990016222,0.0005000000237487257,9.999999747378752e-05,0.00139999995008111,0.26249998807907104
7.419758319854736,0.7287999987602234,0.0038999998942017555,0.00279999990016222,0.0005000000237487257,9.999999747378752e-05,0.00139999995008111,0.26249998807907104
7.503126621246338,0.7287999987602234,0.003800000064074993,0.002899999963119626,0.0005000000237487257,9.999999747378752e-05,0.00139999995008111,0.26249998807907104
7.586493968963623,0.7287999987602234,0.003599999938160181,0.003100000089034438,0.0005000000237487257,9.999999747378752e-05,0.00139999995008111,0.26249998807907104
7.669862270355225,0.7286999821662903,0.003700000001117587,0.003000000026077032,0.0005000000237487257,9.999999747378752e-05,0.00139999995008111,0.26260000467300415
7.753230571746826,0.7286999821662903,0.003700000001117587,0.003000000026077032,0.0005000000237487257,9.999999747378752e-05,0.00139999995008111,0.26260000467300415
7.836598873138428,0.7286999821662903,0.003700000001117587,0.003000000026077032,0.0005000000237487257,9.999999747378752e-05,0.00139999995008111,0.26260000467300415
7.919966220855713,0.728600025177002,0.003800000064074993,0.003000000026077032,0.00039999998989515007,9.999999747378752e-05,0.00139999995008111,0.26269999146461487
8.003334999084473,0.728600025177002,0.003800000064074993,0.002899999963119626,0.00039999998989515007,9.999999747378752e-05,0.00139999995008111,0.262800008058548
8.086703300476074,0.728600025177002,0.003700000001117587,0.002899999963119626,0.00039999998989515007,9.999999747378752e-05,0.00139999995008111,0.2628999948501587
8.17007064819336,0.7285000085830688,0.003800000064074993,0.00279999990016222,0.00039999998989515007,9.999999747378752e-05,0.00139999995008111,0.2630000114440918
8.253438949584961,0.7285000085830688,0.003800000064074993,0.00279999990016222,0.00039999998989515007,9.999999747378752e-05,0.00139999995008111,0.2630000114440918
8.336807250976562,0.7283999919891357,0.003800000064074993,0.002899999963119626,0.00039999998989515007,9.999999747378752e-05,0.00139999995008111,0.2630000114440918
8.420175552368164,0.7283999919891357,0.0035000001080334187,0.0031999999191612005,0.00039999998989515007,9.999999747378752e-05,0.00139999995008111,0.2630000114440918
8.50354290008545,0.7283999919891357,0.0035000001080334187,0.0031999999191612005,0.0003000000142492354,9.999999747378752e-05,0.00139999995008111,0.2630999982357025
8.58691120147705,0.7282999753952026,0.003599999938160181,0.003100000089034438,0.0003000000142492354,9.999999747378752e-05,0.00139999995008111,0.2632000148296356
8.670279502868652,0.7281000018119812,0.003800000064074993,0.003100000089034438,0.0003000000142492354,9.999999747378752e-05,0.00139999995008111,0.2632000148296356
8.753647804260254,0.7279999852180481,0.0034000000450760126,0.003599999938160181,0.00019999999494757503,9.999999747378752e-05,0.00139999995008111,0.26330000162124634
8.837015151977539,0.7279999852180481,0.0034000000450760126,0.0035000001080334187,0.00019999999494757503,9.999999747378752e-05,0.00139999995008111,0.26339998841285706
8.92038345336914,0.7279000282287598,0.0035000001080334187,0.0034000000450760126,0.00019999999494757503,9.999999747378752e-05,0.00139999995008111,0.26350000500679016
9.003751754760742,0.7275999784469604,0.003700000001117587,0.0035000001080334187,0.00019999999494757503,9.999999747378752e-05,0.00139999995008111,0.26350000500679016
9.087120056152344,0.727400004863739,0.003700000001117587,0.003700000001117587,0.00019999999494757503,9.999999747378752e-05,0.00139999995008111,0.26350000500679016
9.170487403869629,0.727400004863739,0.003599999938160181,0.003800000064074993,0.00019999999494757503,9.999999747378752e-05,0.00139999995008111,0.26350000500679016
9.25385570526123,0.727400004863739,0.003599999938160181,0.003700000001117587,0.00019999999494757503,9.999999747378752e-05,0.00139999995008111,0.2635999917984009
9.337224006652832,0.7268999814987183,0.004100000020116568,0.003700000001117587,0.00019999999494757503,9.999999747378752e-05,0.00139999995008111,0.2635999917984009
9.420591354370117,0.7268000245094299,0.004100000020116568,0.003800000064074993,0.00019999999494757503,9.999999747378752e-05,0.00139999995008111,0.2635999917984009
9.503959655761719,0.7264999747276306,0.004399999976158142,0.003800000064074993,0.00019999999494757503,9.999999747378752e-05,0.00139999995008111,0.2635999917984009
9.58732795715332,0.7264000177383423,0.0044999998062849045,0.003800000064074993,0.00019999999494757503,9.999999747378752e-05,0.00139999995008111,0.2635999917984009
9.670696258544922,0.7263000011444092,0.004600000102072954,0.003800000064074993,0.00019999999494757503,9.999999747378752e-05,0.00139999995008111,0.2635999917984009
9.754063606262207,0.7261999845504761,0.004699999932199717,0.003599999938160181,0.00019999999494757503,9.999999747378752e-05,0.00139999995008111,0.2637999951839447
9.837431907653809,0.7261999845504761,0.004699999932199717,0.003599999938160181,0.00019999999494757503,9.999999747378752e-05,0.00139999995008111,0.2637999951839447
9.92080020904541,0.7261999845504761,0.004600000102072954,0.0035000001080334187,0.00019999999494757503,9.999999747378752e-05,0.00139999995008111,0.2639999985694885
10.004168510437012,0.7260000109672546,0.004699999932199717,0.003599999938160181,0.00019999999494757503,9.999999747378752e-05,0.00139999995008111,0.2639999985694885
10.087535858154297,0.7260000109672546,0.004699999932199717,0.003599999938160181,0.00019999999494757503,9.999999747378752e-05,0.00139999995008111,0.2639999985694885
10.170904159545898,0.7257999777793884,0.0044999998062849045,0.004000000189989805,0.00019999999494757503,9.999999747378752e-05,0.00139999995008111,0.2639999985694885
10.2542724609375,0.7257000207901001,0.004600000102072954,0.0038999998942017555,0.00019999999494757503,9.999999747378752e-05,0.00139999995008111,0.26409998536109924
10.337640762329102,0.7254999876022339,0.004699999932199717,0.004000000189989805,0.00019999999494757503,9.999999747378752e-05,0.00139999995008111,0.26409998536109924
10.421009063720703,0.7250999808311462,0.005100000184029341,0.0038999998942017555,0.00019999999494757503,9.999999747378752e-05,0.00139999995008111,0.26420000195503235
10.504377365112305,0.7250999808311462,0.005100000184029341,0.0038999998942017555,0.00019999999494757503,9.999999747378752e-05,0.00139999995008111,0.26420000195503235
10.58774471282959,0.7250000238418579,0.005100000184029341,0.0038999998942017555,0.00019999999494757503,9.999999747378752e-05,0.00139999995008111,0.26429998874664307
10.671113014221191,0.7250000238418579,0.005100000184029341,0.003800000064074993,0.00019999999494757503,9.999999747378752e-05,0.00139999995008111,0.26440000534057617
10.754481315612793,0.7249000072479248,0.005200000014156103,0.003800000064074993,0.00019999999494757503,9.999999747378752e-05,0.00139999995008111,0.26440000534057617
10.837849617004395,0.7249000072479248,0.0044999998062849045,0.0044999998062849045,0.00019999999494757503,9.999999747378752e-05,0.00139999995008111,0.26440000534057617
10.921217918395996,0.7247999906539917,0.004600000102072954,0.004399999976158142,0.0003000000142492354,9.999999747378752e-05,0.00139999995008111,0.26440000534057617
11.004585266113281,0.7247999906539917,0.004600000102072954,0.004399999976158142,0.0003000000142492354,9.999999747378752e-05,0.00139999995008111,0.26440000534057617
11.087953567504883,0.7246999740600586,0.004699999932199717,0.004399999976158142,0.0003000000142492354,9.999999747378752e-05,0.00139999995008111,0.26440000534057617
11.171321868896484,0.7246999740600586,0.004699999932199717,0.00430000014603138,0.00039999998989515007,9.999999747378752e-05,0.00139999995008111,0.26440000534057617
11.25468921661377,0.7246999740600586,0.004699999932199717,0.00430000014603138,0.00039999998989515007,9.999999747378752e-05,0.00139999995008111,0.26440000534057617
11.338057518005371,0.7246000170707703,0.004800000227987766,0.004100000020116568,0.0005000000237487257,9.999999747378752e-05,0.00139999995008111,0.2644999921321869
11.421425819396973,0.7245000004768372,0.004900000058114529,0.004000000189989805,0.0005000000237487257,9.999999747378752e-05,0.00139999995008111,0.26460000872612
11.504794120788574,0.7242000102996826,0.004999999888241291,0.00419999985024333,0.0005000000237487257,9.999999747378752e-05,0.00139999995008111,0.26460000872612
11.58816146850586,0.7242000102996826,0.004900000058114529,0.00430000014603138,0.0005000000237487257,9.999999747378752e-05,0.00139999995008111,0.26460000872612
11.671529769897461,0.7242000102996826,0.004900000058114529,0.00419999985024333,0.0005000000237487257,9.999999747378752e-05,0.00139999995008111,0.2646999955177307
11.754898071289062,0.7242000102996826,0.004699999932199717,0.004399999976158142,0.0005000000237487257,9.999999747378752e-05,0.00139999995008111,0.2646999955177307
11.838266372680664,0.7240999937057495,0.004800000227987766,0.00430000014603138,0.0005000000237487257,9.999999747378752e-05,0.00139999995008111,0.2648000121116638
11.92163372039795,0.7240999937057495,0.004800000227987766,0.00419999985024333,0.0006000000284984708,9.999999747378752e-05,0.00139999995008111,0.2648000121116638
12.00500202178955,0.7240999937057495,0.004699999932199717,0.00419999985024333,0.000699999975040555,9.999999747378752e-05,0.00139999995008111,0.2648000121116638
12.088370323181152,0.7239999771118164,0.004800000227987766,0.00419999985024333,0.000699999975040555,9.999999747378752e-05,0.00139999995008111,0.2648000121116638
12.171738624572754,0.7239999771118164,0.004699999932199717,0.00430000014603138,0.000699999975040555,9.999999747378752e-05,0.00139999995008111,0.2648000121116638
12.255105972290039,0.7239999771118164,0.004699999932199717,0.00430000014603138,0.000699999975040555,9.999999747378752e-05,0.00139999995008111,0.2648000121116638
12.33847427368164,0.7236999869346619,0.004999999888241291,0.00419999985024333,0.0007999999797903001,9.999999747378752e-05,0.00139999995008111,0.2648000121116638
12.421842575073242,0.7235999703407288,0.005100000184029341,0.00419999985024333,0.0007999999797903001,9.999999747378752e-05,0.00139999995008111,0.2648000121116638
12.505210876464844,0.7232999801635742,0.005400000140070915,0.00419999985024333,0.0007999999797903001,9.999999747378752e-05,0.00139999995008111,0.2648000121116638
12.588578224182129,0.7228000164031982,0.005799999926239252,0.00430000014603138,0.0007999999797903001,9.999999747378752e-05,0.00139999995008111,0.2648000121116638
12.671945571899414,0.7228000164031982,0.005799999926239252,0.00419999985024333,0.0007999999797903001,9.999999747378752e-05,0.00139999995008111,0.26489999890327454
12.755314826965332,0.722599983215332,0.006000000052154064,0.004100000020116568,0.0007999999797903001,9.999999747378752e-05,0.00139999995008111,0.26499998569488525
12.838682174682617,0.722599983215332,0.005900000222027302,0.00419999985024333,0.0007999999797903001,9.999999747378752e-05,0.00139999995008111,0.26499998569488525
12.922051429748535,0.722599983215332,0.005900000222027302,0.004000000189989805,0.0010000000474974513,9.999999747378752e-05,0.00139999995008111,0.26499998569488525
13.00541877746582,0.7225000262260437,0.005400000140070915,0.004600000102072954,0.0010000000474974513,9.999999747378752e-05,0.00139999995008111,0.26499998569488525
13.088787078857422,0.7225000262260437,0.005400000140070915,0.004600000102072954,0.0010000000474974513,9.999999747378752e-05,0.00139999995008111,0.26499998569488525
13.172155380249023,0.7222999930381775,0.00559999980032444,0.0044999998062849045,0.0010000000474974513,9.999999747378752e-05,0.00139999995008111,0.26510000228881836
13.255522727966309,0.7222999930381775,0.0052999998442828655,0.004699999932199717,0.0008999999845400453,9.999999747378752e-05,0.00139999995008111,0.2653000056743622
13.33889102935791,0.722100019454956,0.005400000140070915,0.004800000227987766,0.0008999999845400453,9.999999747378752e-05,0.00139999995008111,0.2653000056743622
13.422259330749512,0.722100019454956,0.005400000140070915,0.004800000227987766,0.0008999999845400453,9.999999747378752e-05,0.00139999995008111,0.2653000056743622
13.505627632141113,0.722000002861023,0.005499999970197678,0.004800000227987766,0.0008999999845400453,9.999999747378752e-05,0.00139999995008111,0.2653000056743622
13.588994979858398,0.7218999862670898,0.00559999980032444,0.0044999998062849045,0.0010999999940395355,9.999999747378752e-05,0.00139999995008111,0.2653999924659729
13.67236328125,0.7218999862670898,0.0052999998442828655,0.004800000227987766,0.0010999999940395355,9.999999747378752e-05,0.00139999995008111,0.2653999924659729
13.755731582641602,0.7217000126838684,0.005499999970197678,0.004800000227987766,0.0010999999940395355,9.999999747378752e-05,0.00139999995008111,0.2653999924659729
13.839099884033203,0.7214999794960022,0.005499999970197678,0.004999999888241291,0.0010999999940395355,9.999999747378752e-05,0.00139999995008111,0.2653999924659729
13.922468185424805,0.7214000225067139,0.00559999980032444,0.004999999888241291,0.0010999999940395355,9.999999747378752e-05,0.00139999995008111,0.2653999924659729
14.00583553314209,0.7214000225067139,0.00559999980032444,0.004999999888241291,0.0010999999940395355,9.999999747378752e-05,0.00139999995008111,0.2653999924659729
14.089204788208008,0.7213000059127808,0.00570000009611249,0.004999999888241291,0.0010999999940395355,9.999999747378752e-05,0.00139999995008111,0.2653999924659729
14.172572135925293,0.7211999893188477,0.00559999980032444,0.005200000014156103,0.0010999999940395355,9.999999747378752e-05,0.00139999995008111,0.2653999924659729
14.255939483642578,0.7211999893188477,0.005499999970197678,0.0052999998442828655,0.0010999999940395355,9.999999747378752e-05,0.00139999995008111,0.2653999924659729
14.339308738708496,0.7210000157356262,0.00570000009611249,0.0052999998442828655,0.0010999999940395355,9.999999747378752e-05,0.00139999995008111,0.2653999924659729
14.422676086425781,0.72079998254776,0.005900000222027302,0.0052999998442828655,0.0010999999940395355,9.999999747378752e-05,0.00139999995008111,0.2653999924659729
14.506043434143066,0.7207000255584717,0.006000000052154064,0.005100000184029341,0.0012000000569969416,9.999999747378752e-05,0.00139999995008111,0.265500009059906
14.589412689208984,0.7207000255584717,0.006000000052154064,0.005100000184029341,0.0012000000569969416,9.999999747378752e-05,0.00139999995008111,0.265500009059906
14.67278003692627,0.7204999923706055,0.006200000178068876,0.005100000184029341,0.0010999999940395355,9.999999747378752e-05,0.00139999995008111,0.2655999958515167
14.756149291992188,0.7204999923706055,0.006099999882280827,0.005100000184029341,0.0010999999940395355,9.999999747378752e-05,0.00139999995008111,0.26570001244544983
14.839516639709473,0.7204999923706055,0.005900000222027302,0.005100000184029341,0.0010999999940395355,9.999999747378752e-05,0.00139999995008111,0.26589998602867126
14.922883987426758,0.7204999923706055,0.00570000009611249,0.005100000184029341,0.0010999999940395355,9.999999747378752e-05,0.00139999995008111,0.2660999894142151
15.006253242492676,0.7204999923706055,0.005499999970197678,0.005200000014156103,0.0010999999940395355,9.999999747378752e-05,0.00139999995008111,0.2662000060081482
15.089620590209961,0.720300018787384,0.00570000009611249,0.005100000184029341,0.0010000000474974513,0.00019999999494757503,0.00139999995008111,0.2662999927997589
15.172987937927246,0.720300018787384,0.00570000009611249,0.004999999888241291,0.0010000000474974513,0.00019999999494757503,0.00139999995008111,0.266400009393692
15.256357192993164,0.7202000021934509,0.005799999926239252,0.004900000058114529,0.0008999999845400453,0.0003000000142492354,0.00139999995008111,0.26649999618530273
15.33972454071045,0.7202000021934509,0.005799999926239252,0.004800000227987766,0.0010000000474974513,0.0003000000142492354,0.00139999995008111,0.26649999618530273
15.423091888427734,0.7200000286102295,0.005900000222027302,0.004900000058114529,0.0010000000474974513,0.0003000000142492354,0.00139999995008111,0.26649999618530273
15.506461143493652,0.7197999954223633,0.006000000052154064,0.004900000058114529,0.0010000000474974513,0.0003000000142492354,0.00139999995008111,0.26660001277923584
15.589828491210938,0.7197999954223633,0.00570000009611249,0.005200000014156103,0.0010000000474974513,0.0003000000142492354,0.00139999995008111,0.26660001277923584
15.673197746276855,0.7196999788284302,0.005499999970197678,0.005499999970197678,0.0010000000474974513,0.0003000000142492354,0.00139999995008111,0.26660001277923584
15.75656509399414,0.7196000218391418,0.004999999888241291,0.006099999882280827,0.0010000000474974513,0.0003000000142492354,0.00139999995008111,0.26660001277923584
15.839932441711426,0.7196000218391418,0.004800000227987766,0.006300000008195639,0.0010000000474974513,0.0003000000142492354,0.00139999995008111,0.26660001277923584
15.923301696777344,0.7196000218391418,0.004800000227987766,0.006200000178068876,0.0010000000474974513,0.0003000000142492354,0.00139999995008111,0.26669999957084656
16.006669998168945,0.7195000052452087,0.004900000058114529,0.006200000178068876,0.0010000000474974513,0.00019999999494757503,0.001500000013038516,0.26669999957084656
16.090036392211914,0.7193999886512756,0.004999999888241291,0.006200000178068876,0.0010000000474974513,0.00019999999494757503,0.001500000013038516,0.26669999957084656
16.17340660095215,0.7193999886512756,0.004999999888241291,0.006099999882280827,0.0010000000474974513,0.00019999999494757503,0.001500000013038516,0.2667999863624573
16.256772994995117,0.7192999720573425,0.005100000184029341,0.006099999882280827,0.0010000000474974513,0.00019999999494757503,0.001500000013038516,0.2667999863624573
16.34014129638672,0.7192000150680542,0.005200000014156103,0.006099999882280827,0.0008999999845400453,0.00019999999494757503,0.001500000013038516,0.2669000029563904
16.42350959777832,0.7190999984741211,0.005200000014156103,0.006000000052154064,0.0008999999845400453,0.00019999999494757503,0.001500000013038516,0.2671000063419342
16.506877899169922,0.718999981880188,0.005200000014156103,0.006099999882280827,0.0008999999845400453,0.00019999999494757503,0.001500000013038516,0.2671000063419342
16.590246200561523,0.718999981880188,0.004900000058114529,0.006300000008195639,0.0008999999845400453,0.00019999999494757503,0.001500000013038516,0.2671999931335449
16.673614501953125,0.7189000248908997,0.004699999932199717,0.006500000134110451,0.0007999999797903001,0.00019999999494757503,0.001500000013038516,0.26739999651908875
16.756980895996094,0.7189000248908997,0.004699999932199717,0.006399999838322401,0.0007999999797903001,0.00019999999494757503,0.001500000013038516,0.26750001311302185
16.840351104736328,0.7189000248908997,0.004699999932199717,0.006399999838322401,0.0007999999797903001,0.00019999999494757503,0.001500000013038516,0.26750001311302185
16.923717498779297,0.7185999751091003,0.004800000227987766,0.006500000134110451,0.0007999999797903001,0.00019999999494757503,0.001500000013038516,0.26759999990463257
17.0070858001709,0.7182999849319458,0.005100000184029341,0.006399999838322401,0.0007999999797903001,0.00019999999494757503,0.001500000013038516,0.2676999866962433
17.0904541015625,0.7182999849319458,0.005100000184029341,0.006300000008195639,0.0007999999797903001,0.00019999999494757503,0.001500000013038516,0.2678000032901764
17.1738224029541,0.7182999849319458,0.004900000058114529,0.006500000134110451,0.0007999999797903001,0.00019999999494757503,0.001500000013038516,0.2678000032901764
17.257190704345703,0.7182000279426575,0.004999999888241291,0.006500000134110451,0.0007999999797903001,0.00019999999494757503,0.001500000013038516,0.2678000032901764
17.340559005737305,0.7181000113487244,0.004900000058114529,0.0066999997943639755,0.000699999975040555,0.0003000000142492354,0.001500000013038516,0.2678000032901764
17.423925399780273,0.7179999947547913,0.004900000058114529,0.0066999997943639755,0.000699999975040555,0.0003000000142492354,0.001500000013038516,0.2678999900817871
17.507295608520508,0.7178000211715698,0.005100000184029341,0.006599999964237213,0.000699999975040555,0.0003000000142492354,0.001500000013038516,0.2680000066757202
17.590662002563477,0.7174999713897705,0.005400000140070915,0.006599999964237213,0.000699999975040555,0.0003000000142492354,0.001500000013038516,0.2680000066757202
17.674030303955078,0.7174000144004822,0.005499999970197678,0.006599999964237213,0.000699999975040555,0.0003000000142492354,0.001500000013038516,0.2680000066757202
17.75739860534668,0.7174000144004822,0.0052999998442828655,0.0066999997943639755,0.0006000000284984708,0.00039999998989515007,0.001500000013038516,0.26809999346733093
17.84076690673828,0.717199981212616,0.005499999970197678,0.0066999997943639755,0.0006000000284984708,0.00039999998989515007,0.001500000013038516,0.26809999346733093
17.924135208129883,0.7171000242233276,0.00559999980032444,0.006599999964237213,0.0006000000284984708,0.00039999998989515007,0.001500000013038516,0.26820001006126404
18.007503509521484,0.7171000242233276,0.00559999980032444,0.006599999964237213,0.0005000000237487257,0.00039999998989515007,0.001500000013038516,0.26829999685287476
18.090871810913086,0.7171000242233276,0.005100000184029341,0.0071000000461936,0.00039999998989515007,0.00039999998989515007,0.001500000013038516,0.26840001344680786
18.174240112304688,0.7168999910354614,0.004999999888241291,0.007400000002235174,0.00039999998989515007,0.00039999998989515007,0.001500000013038516,0.26840001344680786
18.25760841369629,0.71670001745224,0.004999999888241291,0.007600000128149986,0.00039999998989515007,0.00039999998989515007,0.001500000013038516,0.26840001344680786
18.340974807739258,0.71670001745224,0.004999999888241291,0.007600000128149986,0.00039999998989515007,0.00039999998989515007,0.001500000013038516,0.26840001344680786
18.42434310913086,0.7163000106811523,0.005200000014156103,0.007799999788403511,0.00039999998989515007,0.00039999998989515007,0.001500000013038516,0.26840001344680786
18.50771141052246,0.7160000205039978,0.005499999970197678,0.007699999958276749,0.00039999998989515007,0.00039999998989515007,0.001500000013038516,0.2685000002384186
18.591079711914062,0.7160000205039978,0.0052999998442828655,0.007799999788403511,0.00039999998989515007,0.00039999998989515007,0.001500000013038516,0.2685999870300293
18.674448013305664,0.7159000039100647,0.005400000140070915,0.007799999788403511,0.00039999998989515007,0.00039999998989515007,0.001500000013038516,0.2685999870300293
18.757816314697266,0.7159000039100647,0.0052999998442828655,0.007899999618530273,0.0003000000142492354,0.00039999998989515007,0.001500000013038516,0.2687000036239624
18.841182708740234,0.7157999873161316,0.005100000184029341,0.008200000040233135,0.0003000000142492354,0.00039999998989515007,0.001500000013038516,0.2687000036239624
18.92455291748047,0.7156999707221985,0.005100000184029341,0.008299999870359898,0.0003000000142492354,0.00039999998989515007,0.001500000013038516,0.2687000036239624
19.007919311523438,0.715399980545044,0.005400000140070915,0.008200000040233135,0.0003000000142492354,0.00039999998989515007,0.001500000013038516,0.2687999904155731
19.091289520263672,0.7153000235557556,0.005499999970197678,0.008200000040233135,0.0003000000142492354,0.00039999998989515007,0.001500000013038516,0.2687999904155731
19.17465591430664,0.7149999737739563,0.005799999926239252,0.008200000040233135,0.0003000000142492354,0.00039999998989515007,0.001500000013038516,0.2687999904155731
19.258024215698242,0.7149999737739563,0.00559999980032444,0.008299999870359898,0.00019999999494757503,0.00039999998989515007,0.001500000013038516,0.26899999380111694
19.341392517089844,0.7146000266075134,0.005799999926239252,0.008500000461935997,0.00019999999494757503,0.00039999998989515007,0.001500000013038516,0.26899999380111694
19.424760818481445,0.7143999934196472,0.006000000052154064,0.00839999970048666,0.00019999999494757503,0.00039999998989515007,0.001500000013038516,0.26910001039505005
19.508127212524414,0.7139999866485596,0.006099999882280827,0.008500000461935997,0.00039999998989515007,0.00039999998989515007,0.001500000013038516,0.26910001039505005
19.59149742126465,0.7138000130653381,0.005900000222027302,0.00860000029206276,0.0005000000237487257,0.00039999998989515007,0.001500000013038516,0.26930001378059387
19.674863815307617,0.7134000062942505,0.006300000008195639,0.008500000461935997,0.0005000000237487257,0.00039999998989515007,0.001500000013038516,0.2694000005722046
19.75823211669922,0.7134000062942505,0.006300000008195639,0.00839999970048666,0.0006000000284984708,0.00039999998989515007,0.001500000013038516,0.2694000005722046
19.84160041809082,0.7132999897003174,0.006399999838322401,0.008200000040233135,0.000699999975040555,0.00039999998989515007,0.001500000013038516,0.2694999873638153
19.924968719482422,0.7132999897003174,0.006300000008195639,0.008200000040233135,0.0007999999797903001,0.00039999998989515007,0.001500000013038516,0.2694999873638153
20.008337020874023,0.7131999731063843,0.006399999838322401,0.007699999958276749,0.0007999999797903001,0.00039999998989515007,0.001500000013038516,0.27000001072883606
20.091705322265625,0.713100016117096,0.006399999838322401,0.007699999958276749,0.0008999999845400453,0.00039999998989515007,0.001500000013038516,0.27000001072883606
20.175071716308594,0.7129999995231628,0.006500000134110451,0.007699999958276749,0.0008999999845400453,0.00039999998989515007,0.001500000013038516,0.27000001072883606
20.258441925048828,0.7127000093460083,0.006800000090152025,0.007499999832361937,0.0010000000474974513,0.00039999998989515007,0.001500000013038516,0.2700999975204468
20.341808319091797,0.7123000025749207,0.006800000090152025,0.007699999958276749,0.0010000000474974513,0.00039999998989515007,0.001500000013038516,0.2703000009059906
20.4251766204834,0.7120000123977661,0.007000000216066837,0.007600000128149986,0.0010000000474974513,0.00039999998989515007,0.001500000013038516,0.2705000042915344
20.508544921875,0.7117000222206116,0.007300000172108412,0.007400000002235174,0.0010999999940395355,0.00039999998989515007,0.001500000013038516,0.27059999108314514
20.5919132232666,0.7111999988555908,0.007799999788403511,0.007400000002235174,0.0010999999940395355,0.00039999998989515007,0.001500000013038516,0.27059999108314514
20.675281524658203,0.7110999822616577,0.007899999618530273,0.007300000172108412,0.0012000000569969416,0.00039999998989515007,0.001500000013038516,0.27059999108314514
20.758649826049805,0.7109000086784363,0.00800000037997961,0.007300000172108412,0.0013000000035390258,0.00039999998989515007,0.001500000013038516,0.27059999108314514
20.842018127441406,0.7107999920845032,0.00800000037997961,0.007300000172108412,0.0013000000035390258,0.00039999998989515007,0.001500000013038516,0.27070000767707825
20.925386428833008,0.7106000185012817,0.00800000037997961,0.007499999832361937,0.0013000000035390258,0.00039999998989515007,0.001500000013038516,0.27070000767707825
21.00875473022461,0.7106000185012817,0.00800000037997961,0.007300000172108412,0.00139999995008111,0.00039999998989515007,0.001500000013038516,0.27079999446868896
21.092121124267578,0.7105000019073486,0.007899999618530273,0.007499999832361937,0.00139999995008111,0.0003000000142492354,0.0015999999595806003,0.27079999446868896
21.17548942565918,0.7102000117301941,0.008200000040233135,0.007400000002235174,0.0013000000035390258,0.0003000000142492354,0.0015999999595806003,0.2709999978542328
21.25885772705078,0.710099995136261,0.008299999870359898,0.007199999876320362,0.0013000000035390258,0.0003000000142492354,0.0015999999595806003,0.2712000012397766
21.342226028442383,0.7098000049591064,0.00860000029206276,0.0071000000461936,0.0013000000035390258,0.0003000000142492354,0.0015999999595806003,0.27129998803138733
21.425594329833984,0.7098000049591064,0.007799999788403511,0.007799999788403511,0.0013000000035390258,0.0003000000142492354,0.0015999999595806003,0.27140000462532043
21.508962631225586,0.7092999815940857,0.008299999870359898,0.007600000128149986,0.0013000000035390258,0.0003000000142492354,0.0015999999595806003,0.27160000801086426
21.592329025268555,0.7089999914169312,0.008500000461935997,0.007600000128149986,0.0013000000035390258,0.0003000000142492354,0.0015999999595806003,0.271699994802475
21.67569923400879,0.708899974822998,0.008500000461935997,0.007699999958276749,0.0013000000035390258,0.0003000000142492354,0.0015999999595806003,0.271699994802475
21.759065628051758,0.708899974822998,0.008100000210106373,0.00800000037997961,0.0013000000035390258,0.0003000000142492354,0.0015999999595806003,0.2718000113964081
21.842435836791992,0.7087000012397766,0.008299999870359898,0.007899999618530273,0.00139999995008111,0.0003000000142492354,0.0015999999595806003,0.2718000113964081
21.92580223083496,0.7084000110626221,0.00860000029206276,0.007799999788403511,0.00139999995008111,0.0003000000142492354,0.0015999999595806003,0.2718999981880188
22.009170532226562,0.708299994468689,0.008500000461935997,0.007799999788403511,0.001500000013038516,0.0003000000142492354,0.0015999999595806003,0.2720000147819519
22.092538833618164,0.708299994468689,0.008299999870359898,0.00800000037997961,0.001500000013038516,0.0003000000142492354,0.0015999999595806003,0.2720000147819519
22.175907135009766,0.708299994468689,0.008299999870359898,0.007799999788403511,0.001500000013038516,0.0003000000142492354,0.0015999999595806003,0.27219998836517334
22.259273529052734,0.7081999778747559,0.00839999970048666,0.007799999788403511,0.001500000013038516,0.0003000000142492354,0.0015999999595806003,0.27219998836517334
22.34264373779297,0.7080000042915344,0.008500000461935997,0.007799999788403511,0.0015999999595806003,0.0003000000142492354,0.0015999999595806003,0.27219998836517334
22.426010131835938,0.7080000042915344,0.008200000040233135,0.00800000037997961,0.0017000000225380063,0.0003000000142492354,0.0015999999595806003,0.27219998836517334
22.50937843322754,0.7077999711036682,0.008299999870359898,0.007899999618530273,0.0017000000225380063,0.0003000000142492354,0.0015999999595806003,0.27239999175071716
22.59274673461914,0.7075999975204468,0.008299999870359898,0.008100000210106373,0.0017000000225380063,0.0003000000142492354,0.0015999999595806003,0.27239999175071716
22.676115036010742,0.7075999975204468,0.008299999870359898,0.00800000037997961,0.0017000000225380063,0.0003000000142492354,0.0015999999595806003,0.27250000834465027
22.759483337402344,0.7074999809265137,0.007899999618530273,0.008500000461935997,0.0017000000225380063,0.0003000000142492354,0.0015999999595806003,0.27250000834465027
22.842851638793945,0.7074999809265137,0.007799999788403511,0.00860000029206276,0.0017000000225380063,0.0003000000142492354,0.0015999999595806003,0.27250000834465027
22.926218032836914,0.7070000171661377,0.008200000040233135,0.008700000122189522,0.0017000000225380063,0.0003000000142492354,0.0015999999595806003,0.27250000834465027
23.00958824157715,0.7070000171661377,0.007799999788403511,0.008999999612569809,0.0017000000225380063,0.0003000000142492354,0.0015999999595806003,0.272599995136261
23.092954635620117,0.7070000171661377,0.007600000128149986,0.009100000374019146,0.0017000000225380063,0.0003000000142492354,0.0015999999595806003,0.2727000117301941
23.17632293701172,0.7069000005722046,0.007699999958276749,0.008799999952316284,0.0017000000225380063,0.0003000000142492354,0.0015999999595806003,0.27300000190734863
23.25969123840332,0.7067999839782715,0.007300000172108412,0.008999999612569809,0.0017000000225380063,0.0003000000142492354,0.0015999999595806003,0.2732999920845032
23.343059539794922,0.70660001039505,0.007199999876320362,0.00930000003427267,0.0017000000225380063,0.0003000000142492354,0.0015999999595806003,0.2732999920845032
23.426427841186523,0.7062000036239624,0.007300000172108412,0.009399999864399433,0.0017999999690800905,0.0003000000142492354,0.0015999999595806003,0.2734000086784363
23.509796142578125,0.7059999704360962,0.007499999832361937,0.009399999864399433,0.0017999999690800905,0.0003000000142492354,0.0015999999595806003,0.2734000086784363
23.593162536621094,0.7059999704360962,0.007499999832361937,0.009100000374019146,0.0017999999690800905,0.0003000000142492354,0.0015999999595806003,0.2736999988555908
23.676532745361328,0.7059999704360962,0.007499999832361937,0.008999999612569809,0.0017999999690800905,0.0003000000142492354,0.0015999999595806003,0.27379998564720154
23.759899139404297,0.7057999968528748,0.007699999958276749,0.008999999612569809,0.0017999999690800905,0.0003000000142492354,0.0015999999595806003,0.27379998564720154
23.8432674407959,0.7057999968528748,0.007699999958276749,0.008999999612569809,0.0017999999690800905,0.0003000000142492354,0.0015999999595806003,0.27379998564720154
23.9266357421875,0.7057999968528748,0.007699999958276749,0.008700000122189522,0.0017999999690800905,0.0003000000142492354,0.0015999999595806003,0.27410000562667847
24.0100040435791,0.7056999802589417,0.007799999788403511,0.00839999970048666,0.0019000000320374966,0.0003000000142492354,0.0015999999595806003,0.2743000090122223
24.093372344970703,0.7056000232696533,0.007499999832361937,0.008799999952316284,0.0017999999690800905,0.0003000000142492354,0.0015999999595806003,0.274399995803833
24.176740646362305,0.7056000232696533,0.007300000172108412,0.008999999612569809,0.0017999999690800905,0.0003000000142492354,0.0015999999595806003,0.274399995803833
24.260108947753906,0.705299973487854,0.007400000002235174,0.008999999612569809,0.0015999999595806003,0.0003000000142492354,0.0015999999595806003,0.27480000257492065
24.343477249145508,0.7052000164985657,0.007499999832361937,0.008899999782443047,0.0015999999595806003,0.0003000000142492354,0.0015999999595806003,0.27489998936653137
24.42684555053711,0.7049999833106995,0.007699999958276749,0.008799999952316284,0.0015999999595806003,0.0003000000142492354,0.0015999999595806003,0.2750000059604645
24.510211944580078,0.704800009727478,0.007899999618530273,0.008500000461935997,0.0017999999690800905,0.0003000000142492354,0.0015999999595806003,0.2750999927520752
24.593582153320312,0.704200029373169,0.008500000461935997,0.00839999970048666,0.0017999999690800905,0.0003000000142492354,0.0015999999595806003,0.2752000093460083
24.67694854736328,0.7041000127792358,0.00860000029206276,0.00839999970048666,0.0017999999690800905,0.0003000000142492354,0.0015999999595806003,0.2752000093460083
24.760316848754883,0.7039999961853027,0.008500000461935997,0.00839999970048666,0.0017999999690800905,0.0003000000142492354,0.0015999999595806003,0.2754000127315521
24.843685150146484,0.7035999894142151,0.008799999952316284,0.008500000461935997,0.0017999999690800905,0.0003000000142492354,0.0015999999595806003,0.2754000127315521
24.927053451538086,0.7035999894142151,0.00800000037997961,0.009100000374019146,0.0017999999690800905,0.0003000000142492354,0.0015999999595806003,0.27559998631477356
25.010421752929688,0.7035999894142151,0.007899999618530273,0.009100000374019146,0.0019000000320374966,0.0003000000142492354,0.0015999999595806003,0.27559998631477356
25.093788146972656,0.7032999992370605,0.008200000040233135,0.009100000374019146,0.0019000000320374966,0.0003000000142492354,0.0015999999595806003,0.27559998631477356
25.177156448364258,0.7031999826431274,0.008299999870359898,0.009100000374019146,0.0019000000320374966,0.0003000000142492354,0.0015999999595806003,0.27559998631477356
25.260526657104492,0.7031000256538391,0.00839999970048666,0.008999999612569809,0.0019000000320374966,0.0003000000142492354,0.0015999999595806003,0.27570000290870667
25.343891143798828,0.703000009059906,0.008500000461935997,0.008999999612569809,0.0017999999690800905,0.0003000000142492354,0.0015999999595806003,0.2757999897003174
25.427261352539062,0.7028999924659729,0.007799999788403511,0.009800000116229057,0.0017000000225380063,0.0003000000142492354,0.0015999999595806003,0.2759000062942505
25.510629653930664,0.7027000188827515,0.00800000037997961,0.009800000116229057,0.0017000000225380063,0.0003000000142492354,0.0015999999595806003,0.2759000062942505
25.593996047973633,0.7024999856948853,0.008200000040233135,0.009800000116229057,0.0015999999595806003,0.0003000000142492354,0.0015999999595806003,0.2759999930858612
25.677364349365234,0.7024000287055969,0.008100000210106373,0.00989999994635582,0.001500000013038516,0.0003000000142492354,0.0015999999595806003,0.27619999647140503
25.76073455810547,0.7020999789237976,0.00839999970048666,0.009800000116229057,0.001500000013038516,0.0003000000142492354,0.0015999999595806003,0.27630001306533813
25.84410285949707,0.7020999789237976,0.00839999970048666,0.009600000455975533,0.001500000013038516,0.0003000000142492354,0.0015999999595806003,0.27649998664855957
25.92746925354004,0.7017999887466431,0.008500000461935997,0.009600000455975533,0.001500000013038516,0.0003000000142492354,0.0015999999595806003,0.2766999900341034
26.01083755493164,0.7016000151634216,0.008700000122189522,0.009499999694526196,0.0015999999595806003,0.0003000000142492354,0.0015999999595806003,0.2766999900341034
26.094207763671875,0.7013000249862671,0.008700000122189522,0.009700000286102295,0.0015999999595806003,0.0003000000142492354,0.0015999999595806003,0.2768000066280365
26.177574157714844,0.7010999917984009,0.008899999782443047,0.009600000455975533,0.0015999999595806003,0.0003000000142492354,0.0015999999595806003,0.2768999934196472
26.260942459106445,0.7009999752044678,0.008999999612569809,0.009600000455975533,0.0015999999595806003,0.0003000000142492354,0.0015999999595806003,0.2768999934196472
26.344310760498047,0.7006999850273132,0.00930000003427267,0.009600000455975533,0.0015999999595806003,0.0003000000142492354,0.0015999999595806003,0.2768999934196472
26.427677154541016,0.7005000114440918,0.009499999694526196,0.009499999694526196,0.0015999999595806003,0.0003000000142492354,0.0015999999595806003,0.2770000100135803
26.511045455932617,0.7002000212669373,0.009800000116229057,0.009399999864399433,0.0015999999595806003,0.0003000000142492354,0.0015999999595806003,0.27709999680519104
26.59441566467285,0.6998000144958496,0.010200000368058681,0.009200000204145908,0.0015999999595806003,0.0003000000142492354,0.0015999999595806003,0.27730000019073486
26.67778205871582,0.6998000144958496,0.010099999606609344,0.009100000374019146,0.0015999999595806003,0.0003000000142492354,0.0015999999595806003,0.2775000035762787
26.761150360107422,0.6996999979019165,0.010099999606609344,0.008899999782443047,0.0017000000225380063,0.00019999999494757503,0.0015999999595806003,0.2777999937534332
26.844518661499023,0.6996999979019165,0.010099999606609344,0.00860000029206276,0.0017999999690800905,0.00019999999494757503,0.0015999999595806003,0.27799999713897705
26.927885055541992,0.6996999979019165,0.00930000003427267,0.00930000003427267,0.0017999999690800905,0.00019999999494757503,0.0015999999595806003,0.27810001373291016
27.011255264282227,0.6995999813079834,0.009399999864399433,0.00930000003427267,0.0017000000225380063,0.0003000000142492354,0.0015999999595806003,0.27810001373291016
27.094623565673828,0.699400007724762,0.009600000455975533,0.00930000003427267,0.0015999999595806003,0.0003000000142492354,0.0015999999595806003,0.2782000005245209
27.177989959716797,0.6991999745368958,0.00930000003427267,0.009700000286102295,0.001500000013038516,0.0003000000142492354,0.0015999999595806003,0.2784000039100647
27.2613582611084,0.6991999745368958,0.008799999952316284,0.009800000116229057,0.0013000000035390258,0.00039999998989515007,0.0015999999595806003,0.27889999747276306
27.3447265625,0.6990000009536743,0.008999999612569809,0.009600000455975533,0.0013000000035390258,0.00039999998989515007,0.0015999999595806003,0.2791000008583069
27.42809295654297,0.6990000009536743,0.008999999612569809,0.009600000455975533,0.0013000000035390258,0.00039999998989515007,0.0015999999595806003,0.2791000008583069
27.511463165283203,0.6987000107765198,0.009200000204145908,0.009600000455975533,0.00139999995008111,0.00039999998989515007,0.0015999999595806003,0.2791000008583069
27.594831466674805,0.6983000040054321,0.00930000003427267,0.009700000286102295,0.001500000013038516,0.00039999998989515007,0.0015999999595806003,0.2791999876499176
27.678199768066406,0.6980000138282776,0.009499999694526196,0.009499999694526196,0.00139999995008111,0.00039999998989515007,0.0015999999595806003,0.27959999442100525
27.761566162109375,0.6977999806404114,0.009600000455975533,0.009499999694526196,0.00139999995008111,0.00039999998989515007,0.0015999999595806003,0.27970001101493835
27.84493637084961,0.6976000070571899,0.009800000116229057,0.009399999864399433,0.00139999995008111,0.00039999998989515007,0.0015999999595806003,0.2797999978065491
27.92830467224121,0.6974999904632568,0.00989999994635582,0.00930000003427267,0.00139999995008111,0.00039999998989515007,0.0015999999595806003,0.2799000144004822
28.01167106628418,0.6973999738693237,0.009999999776482582,0.009100000374019146,0.00139999995008111,0.00039999998989515007,0.0015999999595806003,0.2800999879837036
28.09503936767578,0.6970999836921692,0.010099999606609344,0.009200000204145908,0.00139999995008111,0.00039999998989515007,0.0015999999595806003,0.2802000045776367
28.178409576416016,0.6970000267028809,0.009600000455975533,0.009499999694526196,0.001500000013038516,0.00039999998989515007,0.0015999999595806003,0.28040000796318054
28.26177406311035,0.6967999935150146,0.009700000286102295,0.009399999864399433,0.001500000013038516,0.00039999998989515007,0.0015999999595806003,0.28060001134872437
28.345144271850586,0.6963000297546387,0.010200000368058681,0.009399999864399433,0.001500000013038516,0.00039999998989515007,0.0015999999595806003,0.28060001134872437
28.428512573242188,0.6963000297546387,0.009800000116229057,0.009600000455975533,0.001500000013038516,0.00039999998989515007,0.0015999999595806003,0.2808000147342682
28.511878967285156,0.6959999799728394,0.010099999606609344,0.009499999694526196,0.0015999999595806003,0.00039999998989515007,0.0015999999595806003,0.2808000147342682
28.595247268676758,0.6955000162124634,0.010499999858438969,0.009600000455975533,0.0015999999595806003,0.00039999998989515007,0.0015999999595806003,0.2808000147342682
28.678617477416992,0.6955000162124634,0.010499999858438969,0.009600000455975533,0.001500000013038516,0.00039999998989515007,0.0015999999595806003,0.2809000015258789
28.761981964111328,0.6952999830245972,0.010700000450015068,0.009499999694526196,0.001500000013038516,0.00039999998989515007,0.0015999999595806003,0.2809999883174896
28.845352172851562,0.6952000260353088,0.010700000450015068,0.009600000455975533,0.001500000013038516,0.00039999998989515007,0.0015999999595806003,0.2809999883174896
28.928720474243164,0.6952000260353088,0.010499999858438969,0.009800000116229057,0.001500000013038516,0.00039999998989515007,0.0015999999595806003,0.2809999883174896
29.012086868286133,0.6951000094413757,0.010499999858438969,0.009800000116229057,0.001500000013038516,0.00039999998989515007,0.0015999999595806003,0.28110000491142273
29.095455169677734,0.6951000094413757,0.010499999858438969,0.009600000455975533,0.001500000013038516,0.0003000000142492354,0.0015999999595806003,0.28139999508857727
29.17882537841797,0.6949999928474426,0.010400000028312206,0.009700000286102295,0.001500000013038516,0.0003000000142492354,0.0015999999595806003,0.2815000116825104
29.26219367980957,0.6948000192642212,0.010200000368058681,0.00989999994635582,0.0017000000225380063,0.0003000000142492354,0.0015999999595806003,0.2815000116825104
29.34556007385254,0.6947000026702881,0.010099999606609344,0.009999999776482582,0.0017000000225380063,0.0003000000142492354,0.0015999999595806003,0.2815999984741211
29.42892837524414,0.6944000124931335,0.010400000028312206,0.009800000116229057,0.0017000000225380063,0.00019999999494757503,0.0015999999595806003,0.28189998865127563
29.512298583984375,0.6941999793052673,0.010599999688565731,0.009700000286102295,0.0017000000225380063,0.00019999999494757503,0.0015999999595806003,0.28200000524520874
29.595664978027344,0.6940000057220459,0.010400000028312206,0.00989999994635582,0.0019000000320374966,0.00019999999494757503,0.0015999999595806003,0.28200000524520874
29.679033279418945,0.6938999891281128,0.010499999858438969,0.009700000286102295,0.0017999999690800905,0.00019999999494757503,0.0015999999595806003,0.2822999954223633
29.762401580810547,0.6938999891281128,0.010499999858438969,0.009600000455975533,0.0017999999690800905,0.00019999999494757503,0.0015999999595806003,0.2824000120162964
29.845767974853516,0.6938999891281128,0.010499999858438969,0.009399999864399433,0.0019000000320374966,0.00019999999494757503,0.0015999999595806003,0.2824999988079071
29.92913818359375,0.6937000155448914,0.010499999858438969,0.009499999694526196,0.0019000000320374966,0.00019999999494757503,0.0015999999595806003,0.2825999855995178
30.01250648498535,0.6935999989509583,0.010499999858438969,0.009499999694526196,0.0020000000949949026,0.00019999999494757503,0.0015999999595806003,0.2825999855995178
30.09587287902832,0.6934000253677368,0.010400000028312206,0.00930000003427267,0.002099999925121665,0.00019999999494757503,0.0015999999595806003,0.28299999237060547
30.179241180419922,0.6934000253677368,0.009999999776482582,0.009700000286102295,0.0020000000949949026,0.00019999999494757503,0.0015999999595806003,0.2831000089645386
30.262609481811523,0.6934000253677368,0.009700000286102295,0.009700000286102295,0.002099999925121665,0.00019999999494757503,0.0015999999595806003,0.2833000123500824
30.345975875854492,0.6930999755859375,0.009800000116229057,0.009800000116229057,0.0020000000949949026,0.00019999999494757503,0.0015999999595806003,0.28349998593330383
30.429346084594727,0.692799985408783,0.010099999606609344,0.009800000116229057,0.0020000000949949026,0.00019999999494757503,0.0015999999595806003,0.28349998593330383
30.512714385986328,0.692799985408783,0.010099999606609344,0.009700000286102295,0.0020000000949949026,0.00019999999494757503,0.0015999999595806003,0.28360000252723694
30.596080780029297,0.6924999952316284,0.010300000198185444,0.009800000116229057,0.0020000000949949026,0.00019999999494757503,0.0015999999595806003,0.28360000252723694
30.6794490814209,0.6924999952316284,0.010300000198185444,0.009499999694526196,0.002099999925121665,0.00019999999494757503,0.0015999999595806003,0.28380000591278076
30.762819290161133,0.6924999952316284,0.010300000198185444,0.009399999864399433,0.002099999925121665,9.999999747378752e-05,0.0017000000225380063,0.2838999927043915
30.84618377685547,0.6923999786376953,0.010400000028312206,0.00930000003427267,0.002099999925121665,9.999999747378752e-05,0.0017000000225380063,0.2840000092983246
30.929553985595703,0.6923999786376953,0.010200000368058681,0.009499999694526196,0.0019000000320374966,0.00019999999494757503,0.0017000000225380063,0.2840999960899353
31.012922286987305,0.6922000050544739,0.010400000028312206,0.00930000003427267,0.0020000000949949026,0.00019999999494757503,0.0017000000225380063,0.2842000126838684
31.096290588378906,0.6920999884605408,0.010499999858438969,0.009200000204145908,0.0020000000949949026,0.00019999999494757503,0.0017000000225380063,0.2842999994754791
31.179656982421875,0.6920999884605408,0.010300000198185444,0.009399999864399433,0.0020000000949949026,0.00019999999494757503,0.0017000000225380063,0.2842999994754791
31.26302719116211,0.6920999884605408,0.010099999606609344,0.009499999694526196,0.0020000000949949026,0.00019999999494757503,0.0017000000225380063,0.28439998626708984
31.34639549255371,0.6917999982833862,0.010400000028312206,0.009499999694526196,0.0019000000320374966,0.00019999999494757503,0.0017000000225380063,0.28450000286102295
31.42976188659668,0.6916999816894531,0.010499999858438969,0.009200000204145908,0.0017999999690800905,0.00019999999494757503,0.0017000000225380063,0.2849000096321106
31.51313018798828,0.6916999816894531,0.010499999858438969,0.009200000204145908,0.0017999999690800905,0.00019999999494757503,0.0017000000225380063,0.2849000096321106
31.596500396728516,0.6913999915122986,0.010700000450015068,0.009200000204145908,0.0017999999690800905,0.00019999999494757503,0.0017000000225380063,0.2849999964237213
31.67986488342285,0.6912000179290771,0.010900000110268593,0.009100000374019146,0.0017999999690800905,0.00019999999494757503,0.0017000000225380063,0.2851000130176544
31.763235092163086,0.6908000111579895,0.011300000362098217,0.008899999782443047,0.0017999999690800905,0.00019999999494757503,0.0017000000225380063,0.28529998660087585
31.846603393554688,0.6905999779701233,0.011500000022351742,0.008700000122189522,0.0015999999595806003,0.00019999999494757503,0.0017000000225380063,0.2856999933719635
31.929969787597656,0.6905999779701233,0.011500000022351742,0.00860000029206276,0.0015999999595806003,0.00019999999494757503,0.0017000000225380063,0.2858000099658966
32.01333999633789,0.6902999877929688,0.010999999940395355,0.00930000003427267,0.0015999999595806003,0.00019999999494757503,0.0017000000225380063,0.2858999967575073
32.09670639038086,0.6901999711990356,0.010499999858438969,0.009800000116229057,0.0017000000225380063,0.00019999999494757503,0.0017000000225380063,0.2858999967575073
32.18007278442383,0.6901000142097473,0.010300000198185444,0.010099999606609344,0.0015999999595806003,0.0003000000142492354,0.0017000000225380063,0.2858999967575073
32.26344299316406,0.6899999976158142,0.010099999606609344,0.010200000368058681,0.0015999999595806003,0.0003000000142492354,0.0017000000225380063,0.28610000014305115
32.3468132019043,0.6895999908447266,0.010499999858438969,0.009800000116229057,0.0017000000225380063,0.0003000000142492354,0.0017000000225380063,0.2863999903202057
32.430179595947266,0.6891999840736389,0.010900000110268593,0.009700000286102295,0.0017000000225380063,0.0003000000142492354,0.0017000000225380063,0.2865000069141388
32.513545989990234,0.6888999938964844,0.010900000110268593,0.00989999994635582,0.0017999999690800905,0.0003000000142492354,0.0017000000225380063,0.2865000069141388
32.59691619873047,0.6887000203132629,0.011099999770522118,0.00989999994635582,0.0017999999690800905,0.0003000000142492354,0.0017000000225380063,0.2865000069141388
32.68028259277344,0.6883999705314636,0.011099999770522118,0.010200000368058681,0.0017000000225380063,0.0003000000142492354,0.0017000000225380063,0.2865999937057495
32.76365280151367,0.6880999803543091,0.01140000019222498,0.010099999606609344,0.0017999999690800905,0.0003000000142492354,0.0017000000225380063,0.2865999937057495
32.84701919555664,0.6879000067710876,0.011300000362098217,0.010400000028312206,0.0017999999690800905,0.0003000000142492354,0.0017000000225380063,0.2865999937057495
32.930389404296875,0.6876999735832214,0.011099999770522118,0.010700000450015068,0.0017999999690800905,0.0003000000142492354,0.0017000000225380063,0.2867000102996826
33.013755798339844,0.6876000165939331,0.010999999940395355,0.010700000450015068,0.0017999999690800905,0.0003000000142492354,0.0017000000225380063,0.28690001368522644
33.09712219238281,0.6876000165939331,0.010599999688565731,0.010999999940395355,0.0017999999690800905,0.0003000000142492354,0.0017000000225380063,0.28700000047683716
33.18049240112305,0.6875,0.010499999858438969,0.010999999940395355,0.0017000000225380063,0.00019999999494757503,0.0017999999690800905,0.2872999906539917
33.263858795166016,0.6873999834060669,0.010599999688565731,0.010999999940395355,0.0017000000225380063,0.00019999999494757503,0.0017999999690800905,0.2872999906539917
33.34722900390625,0.6870999932289124,0.010700000450015068,0.011099999770522118,0.0017999999690800905,0.00019999999494757503,0.0017999999690800905,0.2872999906539917
33.43059539794922,0.6869000196456909,0.010200000368058681,0.011599999852478504,0.0017999999690800905,9.999999747378752e-05,0.0019000000320374966,0.2874999940395355
33.51396179199219,0.6865000128746033,0.00989999994635582,0.012199999764561653,0.0017999999690800905,9.999999747378752e-05,0.0019000000320374966,0.28760001063346863
33.59733200073242,0.6862000226974487,0.010200000368058681,0.011900000274181366,0.0019000000320374966,9.999999747378752e-05,0.0019000000320374966,0.28780001401901245
33.680702209472656,0.6862000226974487,0.009999999776482582,0.012000000104308128,0.0019000000320374966,9.999999747378752e-05,0.0019000000320374966,0.28790000081062317
33.764068603515625,0.6859999895095825,0.009800000116229057,0.012299999594688416,0.0017999999690800905,0.00019999999494757503,0.0019000000320374966,0.2879999876022339
33.847434997558594,0.685699999332428,0.009499999694526196,0.012799999676644802,0.0017000000225380063,0.00019999999494757503,0.0019000000320374966,0.2881999909877777
33.93080520629883,0.6855999827384949,0.009600000455975533,0.01269999984651804,0.0017999999690800905,0.00019999999494757503,0.0019000000320374966,0.2881999909877777
34.0141716003418,0.6855999827384949,0.009600000455975533,0.01269999984651804,0.0017000000225380063,0.00019999999494757503,0.0019000000320374966,0.2883000075817108
34.09754180908203,0.6851999759674072,0.009999999776482582,0.01269999984651804,0.0017000000225380063,0.00019999999494757503,0.0019000000320374966,0.2883000075817108
34.180908203125,0.6847000122070312,0.010499999858438969,0.01269999984651804,0.0017000000225380063,0.00019999999494757503,0.0019000000320374966,0.2883000075817108
34.26427459716797,0.684499979019165,0.010700000450015068,0.012400000356137753,0.0019000000320374966,0.00019999999494757503,0.0019000000320374966,0.28839999437332153
34.3476448059082,0.6841999888420105,0.010700000450015068,0.012500000186264515,0.0019000000320374966,0.00019999999494757503,0.0019000000320374966,0.28859999775886536
34.43101501464844,0.6836000084877014,0.011099999770522118,0.012500000186264515,0.0020000000949949026,0.00019999999494757503,0.0019000000320374966,0.28870001435279846
34.514381408691406,0.6833000183105469,0.01140000019222498,0.012500000186264515,0.0020000000949949026,0.00019999999494757503,0.0019000000320374966,0.28870001435279846
34.597747802734375,0.6832000017166138,0.01140000019222498,0.012400000356137753,0.0019000000320374966,0.00019999999494757503,0.0019000000320374966,0.289000004529953
34.68111801147461,0.6830000281333923,0.011500000022351742,0.012500000186264515,0.0019000000320374966,0.00019999999494757503,0.0019000000320374966,0.289000004529953
34.764488220214844,0.6823999881744385,0.01209999993443489,0.012299999594688416,0.0019000000320374966,0.00019999999494757503,0.0019000000320374966,0.2892000079154968
34.84785079956055,0.6820999979972839,0.011800000444054604,0.01269999984651804,0.0019000000320374966,0.00019999999494757503,0.0019000000320374966,0.28940001130104065
34.93122100830078,0.6820999979972839,0.011800000444054604,0.012500000186264515,0.0019000000320374966,0.00019999999494757503,0.0019000000320374966,0.2896000146865845
35.014591217041016,0.6818000078201294,0.011800000444054604,0.012799999676644802,0.0017999999690800905,0.00019999999494757503,0.0019000000320374966,0.2897000014781952
35.097957611083984,0.6815999746322632,0.011900000274181366,0.01269999984651804,0.0019000000320374966,0.00019999999494757503,0.0019000000320374966,0.2897999882698059
35.18132400512695,0.6814000010490417,0.011800000444054604,0.01269999984651804,0.0019000000320374966,0.00019999999494757503,0.0019000000320374966,0.29010000824928284
35.26469421386719,0.6812999844551086,0.011500000022351742,0.012799999676644802,0.0020000000949949026,0.00019999999494757503,0.0019000000320374966,0.29030001163482666
35.348060607910156,0.6808000206947327,0.012000000104308128,0.012799999676644802,0.0020000000949949026,0.00019999999494757503,0.0019000000320374966,0.29030001163482666
35.43143081665039,0.6804999709129333,0.012299999594688416,0.012600000016391277,0.002099999925121665,0.00019999999494757503,0.0019000000320374966,0.2903999984264374
35.51479721069336,0.6798999905586243,0.01269999984651804,0.012600000016391277,0.002099999925121665,0.00019999999494757503,0.0019000000320374966,0.2906000018119812
35.59816360473633,0.6797000169754028,0.01269999984651804,0.012799999676644802,0.002099999925121665,0.00019999999494757503,0.0019000000320374966,0.2906000018119812
35.68153381347656,0.6794999837875366,0.012600000016391277,0.013000000268220901,0.002099999925121665,0.00019999999494757503,0.0019000000320374966,0.2906999886035919
35.7649040222168,0.6793000102043152,0.012600000016391277,0.012900000438094139,0.002099999925121665,0.00019999999494757503,0.0019000000320374966,0.29100000858306885
35.848270416259766,0.6791999936103821,0.012500000186264515,0.012900000438094139,0.002099999925121665,0.00019999999494757503,0.0019000000320374966,0.29120001196861267
35.931636810302734,0.6790000200271606,0.01269999984651804,0.012799999676644802,0.002199999988079071,0.00019999999494757503,0.0019000000320374966,0.29120001196861267
36.01500701904297,0.6786999702453613,0.013000000268220901,0.01269999984651804,0.002300000051036477,0.00019999999494757503,0.0019000000320374966,0.29120001196861267
36.09837341308594,0.6786999702453613,0.012500000186264515,0.013100000098347664,0.002400000113993883,0.00019999999494757503,0.0019000000320374966,0.29120001196861267
36.18174362182617,0.6784999966621399,0.01209999993443489,0.01360000018030405,0.002400000113993883,0.00019999999494757503,0.0019000000320374966,0.2912999987602234
36.26511001586914,0.6783000230789185,0.011800000444054604,0.014000000432133675,0.0024999999441206455,0.00019999999494757503,0.0019000000320374966,0.2912999987602234
36.348480224609375,0.6780999898910522,0.011800000444054604,0.014100000262260437,0.0024999999441206455,0.00019999999494757503,0.0019000000320374966,0.2913999855518341
36.431846618652344,0.6776000261306763,0.012199999764561653,0.0142000000923872,0.0024999999441206455,0.00019999999494757503,0.0019000000320374966,0.2913999855518341
36.51521682739258,0.6776000261306763,0.012199999764561653,0.014100000262260437,0.0024999999441206455,0.00019999999494757503,0.0019000000320374966,0.2915000021457672
36.59858322143555,0.6773999929428101,0.01209999993443489,0.014399999752640724,0.0024999999441206455,0.00019999999494757503,0.0019000000320374966,0.2915000021457672
36.681949615478516,0.6772000193595886,0.012299999594688416,0.0142000000923872,0.0024999999441206455,0.00019999999494757503,0.0019000000320374966,0.29170000553131104
36.76531982421875,0.6765999794006348,0.012900000438094139,0.014100000262260437,0.0024999999441206455,0.00019999999494757503,0.0019000000320374966,0.29179999232292175
36.84868621826172,0.6762999892234802,0.01269999984651804,0.014499999582767487,0.0024999999441206455,0.00019999999494757503,0.0019000000320374966,0.29190000891685486
36.93205261230469,0.6759999990463257,0.013000000268220901,0.014399999752640724,0.002300000051036477,0.00019999999494757503,0.0019000000320374966,0.2921999990940094
37.01542282104492,0.6758000254631042,0.013100000098347664,0.014399999752640724,0.002400000113993883,0.00019999999494757503,0.0019000000320374966,0.2921999990940094
37.098793029785156,0.675599992275238,0.013299999758601189,0.014399999752640724,0.002300000051036477,0.00019999999494757503,0.0019000000320374966,0.2922999858856201
37.182159423828125,0.6751000285148621,0.013799999840557575,0.0142000000923872,0.002300000051036477,0.00019999999494757503,0.0019000000320374966,0.29249998927116394
37.265525817871094,0.675000011920929,0.01360000018030405,0.0142000000923872,0.002199999988079071,0.00019999999494757503,0.0019000000320374966,0.2928999960422516
37.34889602661133,0.6747000217437744,0.012799999676644802,0.01510000042617321,0.002300000051036477,0.00019999999494757503,0.0019000000320374966,0.2930000126361847
37.4322624206543,0.6744999885559082,0.013000000268220901,0.014999999664723873,0.002199999988079071,0.00019999999494757503,0.0019000000320374966,0.29319998621940613
37.51563262939453,0.6740999817848206,0.012799999676644802,0.015200000256299973,0.002300000051036477,0.00019999999494757503,0.0019000000320374966,0.29350000619888306
37.5989990234375,0.6739000082015991,0.012600000016391277,0.015599999576807022,0.002199999988079071,0.00019999999494757503,0.0019000000320374966,0.2935999929904938
37.68236541748047,0.673799991607666,0.012500000186264515,0.015699999406933784,0.002199999988079071,0.00019999999494757503,0.0019000000320374966,0.2937000095844269
37.7657356262207,0.6735000014305115,0.012799999676644802,0.015300000086426735,0.002400000113993883,0.00019999999494757503,0.0019000000320374966,0.2939000129699707
37.84910583496094,0.67330002784729,0.013000000268220901,0.015200000256299973,0.002199999988079071,0.00039999998989515007,0.0019000000320374966,0.2939999997615814
37.932472229003906,0.6728000044822693,0.013199999928474426,0.01489999983459711,0.002300000051036477,0.00039999998989515007,0.0019000000320374966,0.2944999933242798
38.015838623046875,0.6726999878883362,0.013199999928474426,0.014600000344216824,0.002400000113993883,0.00039999998989515007,0.0019000000320374966,0.2948000133037567
38.09920883178711,0.6725999712944031,0.013100000098347664,0.014600000344216824,0.0024999999441206455,0.00039999998989515007,0.0019000000320374966,0.29490000009536743
38.182579040527344,0.6725000143051147,0.012600000016391277,0.01489999983459711,0.002400000113993883,0.00039999998989515007,0.0019000000320374966,0.2953000068664551
38.26594543457031,0.6722999811172485,0.012600000016391277,0.014999999664723873,0.0024999999441206455,0.00039999998989515007,0.0019000000320374966,0.2953000068664551
38.34931182861328,0.6717000007629395,0.013000000268220901,0.014800000004470348,0.0024999999441206455,0.00039999998989515007,0.0019000000320374966,0.2957000136375427
38.432682037353516,0.671500027179718,0.013199999928474426,0.014700000174343586,0.0024999999441206455,0.00039999998989515007,0.0019000000320374966,0.29580000042915344
38.516048431396484,0.6711000204086304,0.01360000018030405,0.014700000174343586,0.0024999999441206455,0.00039999998989515007,0.0019000000320374966,0.29580000042915344
38.59941482543945,0.6707000136375427,0.01360000018030405,0.01510000042617321,0.0024999999441206455,0.00039999998989515007,0.0019000000320374966,0.29580000042915344
38.68278503417969,0.6704999804496765,0.013700000010430813,0.01510000042617321,0.002400000113993883,0.00039999998989515007,0.0019000000320374966,0.29600000381469727
38.766151428222656,0.670199990272522,0.014000000432133675,0.01489999983459711,0.002400000113993883,0.00039999998989515007,0.0019000000320374966,0.2962000072002411
38.84952163696289,0.6699000000953674,0.014299999922513962,0.014800000004470348,0.002300000051036477,0.0005000000237487257,0.0019000000320374966,0.2962999939918518
38.93288803100586,0.6696000099182129,0.014600000344216824,0.014700000174343586,0.002400000113993883,0.0005000000237487257,0.0019000000320374966,0.2962999939918518
39.01625442504883,0.6693999767303467,0.014800000004470348,0.014499999582767487,0.002400000113993883,0.0005000000237487257,0.0019000000320374966,0.29649999737739563
39.09962463378906,0.6690999865531921,0.01510000042617321,0.014399999752640724,0.002400000113993883,0.0005000000237487257,0.0019000000320374966,0.29660001397132874
39.1829948425293,0.6690999865531921,0.014299999922513962,0.015200000256299973,0.002400000113993883,0.0005000000237487257,0.0019000000320374966,0.29660001397132874
39.266361236572266,0.6687999963760376,0.014000000432133675,0.015799999237060547,0.002400000113993883,0.0005000000237487257,0.0019000000320374966,0.29660001397132874
39.349727630615234,0.6685000061988831,0.014299999922513962,0.015699999406933784,0.002400000113993883,0.0005000000237487257,0.0019000000320374966,0.29670000076293945
39.43309783935547,0.6679999828338623,0.014800000004470348,0.015399999916553497,0.002400000113993883,0.0005000000237487257,0.0019000000320374966,0.296999990940094
39.51646423339844,0.6675999760627747,0.014600000344216824,0.015699999406933784,0.002400000113993883,0.0005000000237487257,0.0019000000320374966,0.2973000109195709
39.59983444213867,0.666700005531311,0.015200000256299973,0.015799999237060547,0.0024999999441206455,0.0005000000237487257,0.0019000000320374966,0.29739999771118164
39.68320083618164,0.666700005531311,0.01510000042617321,0.015599999576807022,0.0026000000070780516,0.0005000000237487257,0.0019000000320374966,0.29760000109672546
39.76656723022461,0.666700005531311,0.01489999983459711,0.015799999237060547,0.0024999999441206455,0.0005000000237487257,0.0019000000320374966,0.2976999878883362
39.849937438964844,0.6665999889373779,0.014999999664723873,0.015799999237060547,0.002199999988079071,0.0006000000284984708,0.0019000000320374966,0.29789999127388
39.93330764770508,0.6664999723434448,0.01510000042617321,0.015599999576807022,0.002099999925121665,0.000699999975040555,0.0019000000320374966,0.29809999465942383
40.01667404174805,0.666100025177002,0.015399999916553497,0.015599999576807022,0.002199999988079071,0.000699999975040555,0.0019000000320374966,0.29809999465942383
40.100040435791016,0.6657999753952026,0.015699999406933784,0.01549999974668026,0.002199999988079071,0.000699999975040555,0.0019000000320374966,0.29820001125335693
40.18341064453125,0.6657000184059143,0.015399999916553497,0.015599999576807022,0.002199999988079071,0.000699999975040555,0.0019000000320374966,0.2985000014305115
40.266780853271484,0.6654999852180481,0.014999999664723873,0.016100000590085983,0.002199999988079071,0.000699999975040555,0.0019000000320374966,0.2985999882221222
40.35014343261719,0.6650999784469604,0.01510000042617321,0.016200000420212746,0.002199999988079071,0.000699999975040555,0.0019000000320374966,0.298799991607666
40.43351364135742,0.6644999980926514,0.015399999916553497,0.01600000075995922,0.002199999988079071,0.000699999975040555,0.0019000000320374966,0.2992999851703644
40.516883850097656,0.6639000177383423,0.01600000075995922,0.015799999237060547,0.002199999988079071,0.000699999975040555,0.0019000000320374966,0.2994999885559082
40.600250244140625,0.6635000109672546,0.016200000420212746,0.015799999237060547,0.002300000051036477,0.000699999975040555,0.0019000000320374966,0.2996000051498413
40.683616638183594,0.663100004196167,0.016599999740719795,0.01549999974668026,0.002300000051036477,0.000699999975040555,0.0019000000320374966,0.29989999532699585
40.76698684692383,0.6628999710083008,0.016100000590085983,0.01590000092983246,0.002400000113993883,0.000699999975040555,0.0019000000320374966,0.3000999987125397
40.8503532409668,0.6625999808311462,0.01640000008046627,0.015699999406933784,0.0024999999441206455,0.000699999975040555,0.0019000000320374966,0.3001999855041504
40.93372344970703,0.6622999906539917,0.016699999570846558,0.015699999406933784,0.002300000051036477,0.0007999999797903001,0.0019000000320374966,0.3003000020980835
41.01708984375,0.6621000170707703,0.016699999570846558,0.015699999406933784,0.002400000113993883,0.000699999975040555,0.0019000000320374966,0.3005000054836273
41.10045623779297,0.661899983882904,0.016699999570846558,0.015799999237060547,0.002300000051036477,0.000699999975040555,0.0019000000320374966,0.30070000886917114
41.1838264465332,0.6618000268936157,0.016200000420212746,0.016100000590085983,0.002300000051036477,0.000699999975040555,0.0019000000320374966,0.3009999990463257
41.26719665527344,0.6615999937057495,0.016300000250339508,0.015799999237060547,0.0024999999441206455,0.000699999975040555,0.0019000000320374966,0.3012000024318695
41.350563049316406,0.6610999703407288,0.016100000590085983,0.01640000008046627,0.0024999999441206455,0.000699999975040555,0.0019000000320374966,0.3012999892234802
41.433929443359375,0.6603999733924866,0.01679999940097332,0.016300000250339508,0.0024999999441206455,0.000699999975040555,0.0019000000320374966,0.30140000581741333
41.51729965209961,0.6596999764442444,0.01720000058412552,0.01640000008046627,0.0024999999441206455,0.000699999975040555,0.0019000000320374966,0.30160000920295715
41.600669860839844,0.6590999960899353,0.017400000244379044,0.016599999740719795,0.0024999999441206455,0.000699999975040555,0.0019000000320374966,0.301800012588501
41.68403625488281,0.6585999727249146,0.01769999973475933,0.01640000008046627,0.002400000113993883,0.0006000000284984708,0.0020000000949949026,0.30230000615119934
41.76740264892578,0.65829998254776,0.016899999231100082,0.016899999231100082,0.0024999999441206455,0.0006000000284984708,0.0020000000949949026,0.3027999997138977
41.850772857666016,0.6579999923706055,0.01679999940097332,0.01720000058412552,0.0024999999441206455,0.0006000000284984708,0.0020000000949949026,0.3028999865055084
41.934139251708984,0.6579999923706055,0.01679999940097332,0.017100000753998756,0.002400000113993883,0.0006000000284984708,0.0020000000949949026,0.30309998989105225
42.01750946044922,0.6578999757766724,0.01590000092983246,0.017899999395012856,0.0024999999441206455,0.0006000000284984708,0.0020000000949949026,0.30320000648498535
42.10087585449219,0.6577000021934509,0.016100000590085983,0.01769999973475933,0.0026000000070780516,0.0006000000284984708,0.0020000000949949026,0.30329999327659607
42.184242248535156,0.6575000286102295,0.016300000250339508,0.01730000041425228,0.0027000000700354576,0.0006000000284984708,0.0020000000949949026,0.303600013256073
42.26761245727539,0.6571999788284302,0.016599999740719795,0.016899999231100082,0.00279999990016222,0.0005000000237487257,0.0020000000949949026,0.30399999022483826
42.35097885131836,0.6563000082969666,0.017500000074505806,0.016599999740719795,0.00279999990016222,0.0005000000237487257,0.0020000000949949026,0.3043000102043152
42.43434524536133,0.6559000015258789,0.017899999395012856,0.016499999910593033,0.00279999990016222,0.0005000000237487257,0.0020000000949949026,0.3043999969959259
42.51771545410156,0.6554999947547913,0.016899999231100082,0.017799999564886093,0.00279999990016222,0.0005000000237487257,0.0020000000949949026,0.304500013589859
42.6010856628418,0.6549999713897705,0.017400000244379044,0.017500000074505806,0.00279999990016222,0.0005000000237487257,0.0020000000949949026,0.30480000376701355
42.684452056884766,0.6547999978065491,0.01759999990463257,0.017400000244379044,0.002899999963119626,0.00039999998989515007,0.0020000000949949026,0.30489999055862427
42.767818450927734,0.654699981212616,0.01730000041425228,0.017500000074505806,0.003100000089034438,0.00039999998989515007,0.0020000000949949026,0.3050000071525574
42.85118865966797,0.65420001745224,0.017799999564886093,0.017500000074505806,0.003000000026077032,0.00039999998989515007,0.0020000000949949026,0.3050999939441681
42.93455505371094,0.6536999940872192,0.017999999225139618,0.01759999990463257,0.003100000089034438,0.00039999998989515007,0.0020000000949949026,0.3052000105381012
43.01792526245117,0.6534000039100647,0.018300000578165054,0.01730000041425228,0.002899999963119626,0.0005000000237487257,0.0020000000949949026,0.30559998750686646
43.10129165649414,0.6532999873161316,0.017899999395012856,0.017500000074505806,0.002899999963119626,0.0005000000237487257,0.0020000000949949026,0.3059000074863434
43.18465805053711,0.6527000069618225,0.01850000023841858,0.01730000041425228,0.003000000026077032,0.0005000000237487257,0.0020000000949949026,0.3059999942779541
43.268028259277344,0.6525999903678894,0.018400000408291817,0.01730000041425228,0.003000000026077032,0.0005000000237487257,0.0020000000949949026,0.3061999976634979
43.35139846801758,0.6520000100135803,0.018300000578165054,0.017899999395012856,0.002899999963119626,0.0006000000284984708,0.0020000000949949026,0.30630001425743103
43.43476486206055,0.651199996471405,0.019099999219179153,0.01759999990463257,0.002899999963119626,0.0006000000284984708,0.0020000000949949026,0.30660000443458557
43.518131256103516,0.6509000062942505,0.01889999955892563,0.017999999225139618,0.0026000000070780516,0.000699999975040555,0.0020000000949949026,0.3068999946117401
43.60150146484375,0.6503999829292297,0.01940000057220459,0.017899999395012856,0.0026000000070780516,0.000699999975040555,0.0020000000949949026,0.3070000112056732
43.684871673583984,0.6503000259399414,0.019099999219179153,0.01810000091791153,0.00279999990016222,0.0006000000284984708,0.0020000000949949026,0.30709999799728394
43.76823425292969,0.6502000093460083,0.018400000408291817,0.018400000408291817,0.002899999963119626,0.0006000000284984708,0.0020000000949949026,0.3075000047683716
43.85160446166992,0.6500999927520752,0.018300000578165054,0.01860000006854534,0.00279999990016222,0.0006000000284984708,0.0020000000949949026,0.3075999915599823
43.934974670410156,0.6499000191688538,0.018200000748038292,0.018799999728798866,0.00279999990016222,0.0006000000284984708,0.0020000000949949026,0.3077000081539154
44.018341064453125,0.6498000025749207,0.018300000578165054,0.018699999898672104,0.00279999990016222,0.00039999998989515007,0.002099999925121665,0.30790001153945923
44.101707458496094,0.6496000289916992,0.01850000023841858,0.018699999898672104,0.00279999990016222,0.00039999998989515007,0.002099999925121665,0.30790001153945923
44.18507766723633,0.649399995803833,0.017400000244379044,0.019700000062584877,0.00279999990016222,0.00039999998989515007,0.002099999925121665,0.30820000171661377
44.2684440612793,0.6489999890327454,0.01679999940097332,0.0203000009059906,0.00279999990016222,0.00039999998989515007,0.002099999925121665,0.3086000084877014
44.35181427001953,0.6486999988555908,0.016599999740719795,0.020600000396370888,0.002899999963119626,0.00039999998989515007,0.002099999925121665,0.30869999527931213
44.4351806640625,0.6482999920845032,0.016499999910593033,0.020800000056624413,0.002899999963119626,0.00039999998989515007,0.002099999925121665,0.3089999854564667
44.51854705810547,0.6478999853134155,0.01640000008046627,0.021299999207258224,0.00279999990016222,0.00039999998989515007,0.002099999925121665,0.3091000020503998
44.6019172668457,0.6477000117301941,0.016300000250339508,0.02160000056028366,0.00279999990016222,0.00039999998989515007,0.002099999925121665,0.3091000020503998
44.68528747558594,0.6477000117301941,0.016200000420212746,0.021400000900030136,0.0027000000700354576,0.0005000000237487257,0.002099999925121665,0.3093999922275543
44.768653869628906,0.647599995136261,0.016300000250339508,0.021299999207258224,0.0027000000700354576,0.0005000000237487257,0.002099999925121665,0.3095000088214874
44.852020263671875,0.6473000049591064,0.016599999740719795,0.020899999886751175,0.002899999963119626,0.0005000000237487257,0.002099999925121665,0.30970001220703125
44.93539047241211,0.6468999981880188,0.016499999910593033,0.0210999995470047,0.00279999990016222,0.0005000000237487257,0.002099999925121665,0.3100999891757965
45.01875686645508,0.6467999815940857,0.016599999740719795,0.020999999716877937,0.00279999990016222,0.0005000000237487257,0.002099999925121665,0.3102000057697296
45.10212707519531,0.6467999815940857,0.015300000086426735,0.022199999541044235,0.00279999990016222,0.0005000000237487257,0.002099999925121665,0.31029999256134033
45.18549346923828,0.6464999914169312,0.015599999576807022,0.021900000050663948,0.0027000000700354576,0.0005000000237487257,0.002099999925121665,0.310699999332428
45.268863677978516,0.6464999914169312,0.015599999576807022,0.021800000220537186,0.00279999990016222,0.0005000000237487257,0.002099999925121665,0.310699999332428
45.352230072021484,0.6463000178337097,0.015799999237060547,0.021299999207258224,0.00279999990016222,0.0005000000237487257,0.002099999925121665,0.31119999289512634
45.43560028076172,0.6459000110626221,0.01600000075995922,0.021400000900030136,0.00279999990016222,0.0005000000237487257,0.002099999925121665,0.31130000948905945
45.51896667480469,0.6453999876976013,0.01640000008046627,0.021400000900030136,0.00279999990016222,0.0005000000237487257,0.002099999925121665,0.31139999628067017
45.602333068847656,0.6452000141143799,0.015300000086426735,0.02250000089406967,0.003000000026077032,0.0005000000237487257,0.002099999925121665,0.31139999628067017
45.68570327758789,0.6448000073432922,0.014700000174343586,0.02329999953508377,0.003000000026077032,0.0005000000237487257,0.002099999925121665,0.311599999666214
45.769073486328125,0.6444000005722046,0.01510000042617321,0.023000000044703484,0.003000000026077032,0.0005000000237487257,0.002099999925121665,0.31189998984336853
45.85243606567383,0.6438999772071838,0.014999999664723873,0.02290000021457672,0.0031999999191612005,0.0005000000237487257,0.002099999925121665,0.3124000132083893
45.93580627441406,0.6435999870300293,0.01489999983459711,0.02329999953508377,0.0031999999191612005,0.0005000000237487257,0.002099999925121665,0.3124000132083893
46.0191764831543,0.6434000134468079,0.014299999922513962,0.023900000378489494,0.0031999999191612005,0.0005000000237487257,0.002099999925121665,0.3125999867916107
46.102542877197266,0.6425999999046326,0.013799999840557575,0.025200000032782555,0.0031999999191612005,0.0005000000237487257,0.002099999925121665,0.3125999867916107
46.185909271240234,0.6424999833106995,0.012900000438094139,0.026000000536441803,0.0032999999821186066,0.0005000000237487257,0.002099999925121665,0.3127000033855438
46.26927947998047,0.6420999765396118,0.013299999758601189,0.025699999183416367,0.0032999999821186066,0.0005000000237487257,0.002099999925121665,0.31299999356269836
46.35264587402344,0.6413999795913696,0.01360000018030405,0.025699999183416367,0.0032999999821186066,0.0006000000284984708,0.002099999925121665,0.3133000135421753
46.43601608276367,0.6409000158309937,0.014100000262260437,0.02539999969303608,0.0032999999821186066,0.0006000000284984708,0.002099999925121665,0.31360000371932983
46.51938247680664,0.6398000121116638,0.015200000256299973,0.025200000032782555,0.0034000000450760126,0.0006000000284984708,0.002099999925121665,0.31369999051094055
46.60274887084961,0.6394000053405762,0.015599999576807022,0.025100000202655792,0.0034000000450760126,0.0006000000284984708,0.002099999925121665,0.31380000710487366
46.686119079589844,0.6389999985694885,0.01600000075995922,0.024900000542402267,0.0034000000450760126,0.0006000000284984708,0.002099999925121665,0.3140000104904175
46.76948928833008,0.6388999819755554,0.016100000590085983,0.02459999918937683,0.0032999999821186066,0.000699999975040555,0.002099999925121665,0.314300000667572
46.85285568237305,0.6384999752044678,0.016499999910593033,0.02449999935925007,0.0032999999821186066,0.000699999975040555,0.002099999925121665,0.31439998745918274
46.936222076416016,0.6384000182151794,0.016100000590085983,0.024800000712275505,0.0032999999821186066,0.000699999975040555,0.002099999925121665,0.31459999084472656
47.01959228515625,0.6377999782562256,0.016699999570846558,0.02459999918937683,0.0034000000450760126,0.000699999975040555,0.002099999925121665,0.31470000743865967
47.102962493896484,0.6376000046730042,0.015699999406933784,0.025299999862909317,0.0035000001080334187,0.000699999975040555,0.002099999925121665,0.3151000142097473
47.18632507324219,0.6373999714851379,0.014999999664723873,0.025800000876188278,0.003700000001117587,0.000699999975040555,0.002099999925121665,0.31529998779296875
47.26969528198242,0.6371999979019165,0.015200000256299973,0.02539999969303608,0.003800000064074993,0.000699999975040555,0.002099999925121665,0.3156000077724457
47.353065490722656,0.6365000009536743,0.015699999406933784,0.025299999862909317,0.0038999998942017555,0.000699999975040555,0.002099999925121665,0.3158000111579895
47.436431884765625,0.635699987411499,0.016200000420212746,0.025499999523162842,0.003800000064074993,0.0007999999797903001,0.002099999925121665,0.3158999979496002
47.519798278808594,0.6349999904632568,0.016599999740719795,0.025599999353289604,0.003800000064074993,0.0008999999845400453,0.002099999925121665,0.3160000145435333
47.60316848754883,0.6344000101089478,0.01720000058412552,0.025299999862909317,0.003599999938160181,0.0008999999845400453,0.002099999925121665,0.3165000081062317
47.6865348815918,0.6338000297546387,0.017100000753998756,0.025699999183416367,0.003599999938160181,0.0008999999845400453,0.002099999925121665,0.31679999828338623
47.76990509033203,0.633400022983551,0.017500000074505806,0.025499999523162842,0.0034000000450760126,0.0008999999845400453,0.002099999925121665,0.3172000050544739
47.853271484375,0.6330000162124634,0.017899999395012856,0.025100000202655792,0.0032999999821186066,0.0010000000474974513,0.002099999925121665,0.3176000118255615
47.93663787841797,0.6324999928474426,0.018400000408291817,0.024800000712275505,0.0034000000450760126,0.0010000000474974513,0.002099999925121665,0.31779998540878296
48.0200080871582,0.6319000124931335,0.018699999898672104,0.024700000882148743,0.0034000000450760126,0.0010000000474974513,0.002099999925121665,0.3181999921798706
48.10337829589844,0.6312999725341797,0.01899999938905239,0.024900000542402267,0.0031999999191612005,0.0010999999940395355,0.002099999925121665,0.31839999556541443
48.186744689941406,0.6309000253677368,0.018300000578165054,0.025800000876188278,0.003100000089034438,0.0010999999940395355,0.002099999925121665,0.31869998574256897
48.270111083984375,0.6308000087738037,0.01730000041425228,0.026399999856948853,0.0031999999191612005,0.0010999999940395355,0.002099999925121665,0.3190999925136566
48.35348129272461,0.6298999786376953,0.01769999973475933,0.02630000002682209,0.0031999999191612005,0.0010999999940395355,0.002099999925121665,0.3197000026702881
48.43684768676758,0.6284999847412109,0.01860000006854534,0.02669999934732914,0.003100000089034438,0.0010999999940395355,0.002099999925121665,0.3199000060558319
48.52021789550781,0.6280999779701233,0.01899999938905239,0.026599999517202377,0.003100000089034438,0.0010999999940395355,0.002099999925121665,0.3199999928474426
48.60358428955078,0.6273999810218811,0.019700000062584877,0.026399999856948853,0.003100000089034438,0.0010999999940395355,0.002099999925121665,0.32019999623298645
48.686954498291016,0.6270999908447266,0.019999999552965164,0.026200000196695328,0.0031999999191612005,0.0010999999940395355,0.002099999925121665,0.32030001282691956
48.770320892333984,0.6270999908447266,0.019999999552965164,0.025499999523162842,0.0031999999191612005,0.0012000000569969416,0.002099999925121665,0.32089999318122864
48.85369110107422,0.6269000172615051,0.019899999722838402,0.025599999353289604,0.0031999999191612005,0.0012000000569969416,0.002099999925121665,0.32109999656677246
48.93705749511719,0.6269000172615051,0.01979999989271164,0.025499999523162842,0.0032999999821186066,0.0012000000569969416,0.002099999925121665,0.32120001316070557
49.020423889160156,0.626800000667572,0.01979999989271164,0.025200000032782555,0.0032999999821186066,0.0010999999940395355,0.002199999988079071,0.3215999901294708
49.10379409790039,0.6265000104904175,0.020099999383091927,0.024800000712275505,0.0035000001080334187,0.0010999999940395355,0.002199999988079071,0.32179999351501465
49.187164306640625,0.6258000135421753,0.020400000736117363,0.024900000542402267,0.0035000001080334187,0.0010999999940395355,0.002199999988079071,0.3221000134944916
49.27052688598633,0.6255999803543091,0.020600000396370888,0.024800000712275505,0.0035000001080334187,0.0010999999940395355,0.002199999988079071,0.3222000002861023
49.35389709472656,0.6251000165939331,0.020400000736117363,0.025100000202655792,0.003599999938160181,0.0010999999940395355,0.002199999988079071,0.32249999046325684
49.4372673034668,0.6245999932289124,0.02070000022649765,0.024800000712275505,0.003700000001117587,0.0010999999940395355,0.002199999988079071,0.3228999972343445
49.520633697509766,0.6240000128746033,0.021299999207258224,0.02459999918937683,0.003599999938160181,0.0012000000569969416,0.002199999988079071,0.3231000006198883
49.604000091552734,0.6236000061035156,0.021299999207258224,0.024800000712275505,0.003599999938160181,0.0012000000569969416,0.002199999988079071,0.32330000400543213
49.68737030029297,0.6233000159263611,0.020800000056624413,0.02500000037252903,0.003700000001117587,0.0012000000569969416,0.002199999988079071,0.3237999975681305
49.77073669433594,0.6230999827384949,0.02019999921321869,0.025499999523162842,0.003599999938160181,0.0013000000035390258,0.002199999988079071,0.32409998774528503
49.85410690307617,0.6226999759674072,0.019999999552965164,0.02590000070631504,0.003599999938160181,0.00139999995008111,0.002199999988079071,0.32420000433921814
49.93747329711914,0.6225000023841858,0.01979999989271164,0.026000000536441803,0.003599999938160181,0.00139999995008111,0.002199999988079071,0.3244999945163727
50.020843505859375,0.6222000122070312,0.01850000023841858,0.027300000190734863,0.003700000001117587,0.00139999995008111,0.002199999988079071,0.3246999979019165
50.10421371459961,0.6216999888420105,0.01899999938905239,0.026900000870227814,0.003800000064074993,0.00139999995008111,0.002199999988079071,0.32499998807907104
50.18757629394531,0.6212999820709229,0.01940000057220459,0.026499999687075615,0.0038999998942017555,0.00139999995008111,0.002199999988079071,0.325300008058548
50.27094650268555,0.6212000250816345,0.019300000742077827,0.02630000002682209,0.0038999998942017555,0.00139999995008111,0.002199999988079071,0.3257000148296356
50.354312896728516,0.6205999851226807,0.01810000091791153,0.027799999341368675,0.0038999998942017555,0.001500000013038516,0.002199999988079071,0.32589998841285706
50.43768310546875,0.6194000244140625,0.017899999395012856,0.02889999933540821,0.0038999998942017555,0.001500000013038516,0.002199999988079071,0.326200008392334
50.521053314208984,0.6190000176429749,0.018300000578165054,0.028699999675154686,0.0038999998942017555,0.001500000013038516,0.002199999988079071,0.3264000117778778
50.60441970825195,0.6180999875068665,0.019200000911951065,0.0284000001847744,0.0038999998942017555,0.001500000013038516,0.002199999988079071,0.32670000195503235
50.687782287597656,0.6177999973297119,0.01860000006854534,0.029100000858306885,0.0038999998942017555,0.001500000013038516,0.002199999988079071,0.32690000534057617
50.77115249633789,0.6176000237464905,0.017999999225139618,0.02969999983906746,0.0038999998942017555,0.001500000013038516,0.002199999988079071,0.32710000872612
50.854522705078125,0.6173999905586243,0.018200000748038292,0.02930000051856041,0.004100000020116568,0.001500000013038516,0.002199999988079071,0.3273000121116638
50.937889099121094,0.6168000102043152,0.018799999728798866,0.02879999950528145,0.00430000014603138,0.001500000013038516,0.002199999988079071,0.32760000228881836
51.02125930786133,0.616100013256073,0.019300000742077827,0.028699999675154686,0.00430000014603138,0.0015999999595806003,0.002199999988079071,0.3278000056743622
51.10462951660156,0.6154000163078308,0.019899999722838402,0.028599999845027924,0.00419999985024333,0.0015999999595806003,0.002199999988079071,0.3280999958515167
51.187992095947266,0.6150000095367432,0.0203000009059906,0.0284000001847744,0.00419999985024333,0.0017000000225380063,0.002199999988079071,0.32820001244544983
51.2713623046875,0.6144999861717224,0.020800000056624413,0.02810000069439411,0.00419999985024333,0.0017000000225380063,0.002199999988079071,0.32850000262260437
51.35472869873047,0.6140000224113464,0.021299999207258224,0.027899999171495438,0.004100000020116568,0.0017999999690800905,0.002199999988079071,0.3287000060081482
51.4380989074707,0.6137999892234802,0.021299999207258224,0.027899999171495438,0.00419999985024333,0.0017999999690800905,0.002199999988079071,0.3287999927997589
51.52146911621094,0.6132000088691711,0.0215000007301569,0.027699999511241913,0.00430000014603138,0.0017999999690800905,0.002199999988079071,0.3292999863624573
51.604835510253906,0.6126000285148621,0.022099999710917473,0.027400000020861626,0.00430000014603138,0.0017000000225380063,0.002199999988079071,0.3296999931335449
51.68820571899414,0.612500011920929,0.021400000900030136,0.02800000086426735,0.00430000014603138,0.0017000000225380063,0.002199999988079071,0.32989999651908875
51.771568298339844,0.6122999787330627,0.02160000056028366,0.027499999850988388,0.00419999985024333,0.0017000000225380063,0.002199999988079071,0.3305000066757202
51.85493850708008,0.6118000149726868,0.021400000900030136,0.02810000069439411,0.004100000020116568,0.0017000000225380063,0.002199999988079071,0.33070001006126404
51.93830871582031,0.6115000247955322,0.020800000056624413,0.02879999950528145,0.00430000014603138,0.0017000000225380063,0.002199999988079071,0.33070001006126404
52.02167510986328,0.6111999750137329,0.020400000736117363,0.029400000348687172,0.00430000014603138,0.0017000000225380063,0.002199999988079071,0.33079999685287476
52.105045318603516,0.6111000180244446,0.02019999921321869,0.029100000858306885,0.004399999976158142,0.0017000000225380063,0.002199999988079071,0.3312999904155731
52.18841552734375,0.6111000180244446,0.019500000402331352,0.02930000051856041,0.004399999976158142,0.0017000000225380063,0.002199999988079071,0.33180001378059387
52.27177810668945,0.6108999848365784,0.019099999219179153,0.029400000348687172,0.004399999976158142,0.0017000000225380063,0.002199999988079071,0.33230000734329224
52.35514831542969,0.6100000143051147,0.019700000062584877,0.029400000348687172,0.00430000014603138,0.0017000000225380063,0.002199999988079071,0.3327000141143799
52.438514709472656,0.6097999811172485,0.019200000911951065,0.02979999966919422,0.00430000014603138,0.0017000000225380063,0.002199999988079071,0.3330000042915344
52.52188491821289,0.6090999841690063,0.019899999722838402,0.02969999983906746,0.004100000020116568,0.0017999999690800905,0.002199999988079071,0.33320000767707825
52.605255126953125,0.6086999773979187,0.019700000062584877,0.029999999329447746,0.004100000020116568,0.0019000000320374966,0.002199999988079071,0.33340001106262207
52.688621520996094,0.6082000136375427,0.02019999921321869,0.029600000008940697,0.00419999985024333,0.0017999999690800905,0.002300000051036477,0.3337000012397766
52.7719841003418,0.6078000068664551,0.020600000396370888,0.029400000348687172,0.004100000020116568,0.0017999999690800905,0.002300000051036477,0.33399999141693115
52.85535430908203,0.6075999736785889,0.019899999722838402,0.03020000085234642,0.004100000020116568,0.0019000000320374966,0.002300000051036477,0.33399999141693115
52.938724517822266,0.6075000166893005,0.019099999219179153,0.030799999833106995,0.00419999985024333,0.0017999999690800905,0.002300000051036477,0.3343000113964081
53.022090911865234,0.6074000000953674,0.01850000023841858,0.030899999663233757,0.00419999985024333,0.0017999999690800905,0.002300000051036477,0.33489999175071716
53.10546112060547,0.6071000099182129,0.018799999728798866,0.030400000512599945,0.00419999985024333,0.0017999999690800905,0.002300000051036477,0.3353999853134155
53.1888313293457,0.6068999767303467,0.01899999938905239,0.029999999329447746,0.004100000020116568,0.0020000000949949026,0.002300000051036477,0.33570000529289246
53.27220153808594,0.6061999797821045,0.019700000062584877,0.02930000051856041,0.00419999985024333,0.0020000000949949026,0.002300000051036477,0.33629998564720154
53.35556411743164,0.6054999828338623,0.020400000736117363,0.02879999950528145,0.00430000014603138,0.0020000000949949026,0.002300000051036477,0.3366999924182892
53.43893051147461,0.6047999858856201,0.020500000566244125,0.02930000051856041,0.00419999985024333,0.0020000000949949026,0.002300000051036477,0.336899995803833
53.522300720214844,0.604200005531311,0.019899999722838402,0.029600000008940697,0.004399999976158142,0.0020000000949949026,0.002300000051036477,0.3375999927520752
53.60567092895508,0.6031000018119812,0.020899999886751175,0.029100000858306885,0.004399999976158142,0.0019000000320374966,0.002300000051036477,0.3382999897003174
53.68903732299805,0.6029000282287598,0.0210999995470047,0.028699999675154686,0.0044999998062849045,0.0019000000320374966,0.002300000051036477,0.3386000096797943
53.77240753173828,0.6021000146865845,0.021900000050663948,0.028300000354647636,0.004600000102072954,0.0020000000949949026,0.002300000051036477,0.33880001306533813
53.855770111083984,0.6018000245094299,0.022199999541044235,0.027799999341368675,0.004600000102072954,0.0020000000949949026,0.002300000051036477,0.3393000066280365
53.93914031982422,0.6014000177383423,0.02199999988079071,0.0284000001847744,0.004600000102072954,0.0020000000949949026,0.002300000051036477,0.3393000066280365
54.02251052856445,0.6010000109672546,0.02239999920129776,0.028300000354647636,0.004600000102072954,0.0020000000949949026,0.002300000051036477,0.3393999934196472
54.10587692260742,0.6007000207901001,0.022700000554323196,0.02810000069439411,0.004600000102072954,0.002099999925121665,0.002300000051036477,0.3395000100135803
54.189247131347656,0.600600004196167,0.02280000038444996,0.027899999171495438,0.004600000102072954,0.002199999988079071,0.002300000051036477,0.33959999680519104
54.27261734008789,0.600600004196167,0.021299999207258224,0.028599999845027924,0.004600000102072954,0.002199999988079071,0.002300000051036477,0.34040001034736633
54.355979919433594,0.6003000140190125,0.019899999722838402,0.03009999915957451,0.004600000102072954,0.002199999988079071,0.002300000051036477,0.34060001373291016
54.43934631347656,0.5993000268936157,0.020899999886751175,0.029200000688433647,0.004800000227987766,0.002199999988079071,0.002300000051036477,0.34130001068115234
54.5227165222168,0.5982000231742859,0.0210999995470047,0.02979999966919422,0.004800000227987766,0.002199999988079071,0.002300000051036477,0.3416000008583069
54.60608673095703,0.5972999930381775,0.021400000900030136,0.029899999499320984,0.004800000227987766,0.002199999988079071,0.002300000051036477,0.34209999442100525
54.689453125,0.5971999764442444,0.020800000056624413,0.030400000512599945,0.004800000227987766,0.002099999925121665,0.002400000113993883,0.3422999978065491
54.772823333740234,0.5968000292778015,0.021199999377131462,0.029999999329447746,0.004800000227987766,0.0020000000949949026,0.002400000113993883,0.34279999136924744
54.85618591308594,0.5965999960899353,0.021199999377131462,0.029400000348687172,0.004699999932199717,0.0019000000320374966,0.0024999999441206455,0.34369999170303345
54.93955612182617,0.5961999893188477,0.02160000056028366,0.02889999933540821,0.004900000058114529,0.0019000000320374966,0.0024999999441206455,0.3440000116825104
55.022926330566406,0.5958999991416931,0.02160000056028366,0.02889999933540821,0.004800000227987766,0.0019000000320374966,0.0024999999441206455,0.34439998865127563
55.106292724609375,0.5953999757766724,0.021900000050663948,0.02889999933540821,0.004699999932199717,0.0020000000949949026,0.0024999999441206455,0.34459999203681946
55.18966293334961,0.5950999855995178,0.021700000390410423,0.02889999933540821,0.004800000227987766,0.0020000000949949026,0.0024999999441206455,0.3449999988079071
55.273033142089844,0.5945000052452087,0.022299999371170998,0.02889999933540821,0.004699999932199717,0.0020000000949949026,0.0024999999441206455,0.3450999855995178
55.35639953613281,0.5936999917030334,0.023099999874830246,0.028699999675154686,0.004800000227987766,0.0020000000949949026,0.0024999999441206455,0.3452000021934509
55.43976593017578,0.5929999947547913,0.023800000548362732,0.028300000354647636,0.004900000058114529,0.0020000000949949026,0.0024999999441206455,0.34549999237060547
55.52313232421875,0.5922999978065491,0.023000000044703484,0.02930000051856041,0.004999999888241291,0.0020000000949949026,0.0024999999441206455,0.3458999991416931
55.606502532958984,0.5916000008583069,0.02329999953508377,0.02930000051856041,0.005100000184029341,0.0020000000949949026,0.0024999999441206455,0.34619998931884766
55.68987274169922,0.5913000106811523,0.02250000089406967,0.029899999499320984,0.005200000014156103,0.0020000000949949026,0.0024999999441206455,0.3465999960899353
55.77323913574219,0.5911999940872192,0.022600000724196434,0.02930000051856041,0.005100000184029341,0.002099999925121665,0.0024999999441206455,0.3472000062465668
55.85660934448242,0.5906999707221985,0.022099999710917473,0.029899999499320984,0.005100000184029341,0.002099999925121665,0.0024999999441206455,0.3476000130176544
55.939971923828125,0.5903000235557556,0.022199999541044235,0.02979999966919422,0.005200000014156103,0.002099999925121665,0.0024999999441206455,0.34790000319480896
56.02334213256836,0.5899999737739563,0.02250000089406967,0.029600000008940697,0.005100000184029341,0.002099999925121665,0.0024999999441206455,0.3481999933719635
56.106712341308594,0.5896000266075134,0.02290000021457672,0.029100000858306885,0.005200000014156103,0.002099999925121665,0.0024999999441206455,0.34860000014305115
56.19007873535156,0.5893999934196472,0.02280000038444996,0.02930000051856041,0.004999999888241291,0.002099999925121665,0.0024999999441206455,0.3488999903202057
56.2734489440918,0.588699996471405,0.02280000038444996,0.02930000051856041,0.005100000184029341,0.002099999925121665,0.0024999999441206455,0.34950000047683716
56.35681915283203,0.588100016117096,0.023399999365210533,0.02879999950528145,0.005200000014156103,0.0020000000949949026,0.0024999999441206455,0.3499999940395355
56.440181732177734,0.5874000191688538,0.02410000003874302,0.028699999675154686,0.005100000184029341,0.0020000000949949026,0.0024999999441206455,0.35019999742507935
56.5235481262207,0.5863999724388123,0.025100000202655792,0.028300000354647636,0.005100000184029341,0.0020000000949949026,0.0024999999441206455,0.350600004196167
56.60691833496094,0.5860000252723694,0.025499999523162842,0.02800000086426735,0.004800000227987766,0.0020000000949949026,0.0024999999441206455,0.35120001435279846
56.69028854370117,0.5856000185012817,0.024700000882148743,0.02889999933540821,0.004699999932199717,0.0020000000949949026,0.0026000000070780516,0.351500004529953
56.77365493774414,0.5856000185012817,0.024700000882148743,0.0284000001847744,0.004699999932199717,0.0020000000949949026,0.0026000000070780516,0.35199999809265137
56.857025146484375,0.5853999853134155,0.024000000208616257,0.029100000858306885,0.004600000102072954,0.0020000000949949026,0.0026000000070780516,0.3522999882698059
56.94039535522461,0.5852000117301941,0.024000000208616257,0.02879999950528145,0.004699999932199717,0.0020000000949949026,0.0026000000070780516,0.35269999504089355
57.02375793457031,0.5849999785423279,0.023399999365210533,0.02889999933540821,0.004699999932199717,0.0020000000949949026,0.0026000000070780516,0.35339999198913574
57.10712814331055,0.5846999883651733,0.023499999195337296,0.028599999845027924,0.004800000227987766,0.0020000000949949026,0.0026000000070780516,0.3537999987602234
57.190494537353516,0.5842999815940857,0.023499999195337296,0.02879999950528145,0.0044999998062849045,0.0020000000949949026,0.0026000000070780516,0.35429999232292175
57.27386474609375,0.583899974822998,0.023900000378489494,0.0284000001847744,0.004600000102072954,0.0020000000949949026,0.0026000000070780516,0.3546000123023987
57.357234954833984,0.5835999846458435,0.023499999195337296,0.02850000001490116,0.004600000102072954,0.0020000000949949026,0.0026000000070780516,0.35519999265670776
57.44060134887695,0.5825999975204468,0.024399999529123306,0.0284000001847744,0.004600000102072954,0.0019000000320374966,0.0026000000070780516,0.3555000126361847
57.523963928222656,0.5819000005722046,0.025100000202655792,0.02810000069439411,0.0044999998062849045,0.0019000000320374966,0.0027000000700354576,0.35580000281333923
57.60733413696289,0.5809000134468079,0.026100000366568565,0.027699999511241913,0.004399999976158142,0.0019000000320374966,0.0027000000700354576,0.3562999963760376
57.690704345703125,0.5807999968528748,0.026200000196695328,0.027400000020861626,0.004600000102072954,0.0019000000320374966,0.0027000000700354576,0.3564000129699707
57.77407455444336,0.5803999900817871,0.026599999517202377,0.027000000700354576,0.004699999932199717,0.0019000000320374966,0.0027000000700354576,0.35670000314712524
57.85744094848633,0.5799000263214111,0.02710000053048134,0.026799999177455902,0.0044999998062849045,0.0020000000949949026,0.0027000000700354576,0.3569999933242798
57.94081115722656,0.5796999931335449,0.027300000190734863,0.026399999856948853,0.004600000102072954,0.0020000000949949026,0.0027000000700354576,0.3573000133037567
58.024173736572266,0.5794000029563904,0.026599999517202377,0.026900000870227814,0.004699999932199717,0.0020000000949949026,0.0027000000700354576,0.357699990272522
58.1075439453125,0.5789999961853027,0.027000000700354576,0.026399999856948853,0.004999999888241291,0.0020000000949949026,0.0027000000700354576,0.3578999936580658
58.19091033935547,0.5788000226020813,0.0272000003606081,0.02630000002682209,0.004999999888241291,0.0020000000949949026,0.0027000000700354576,0.3580000102519989
58.2742805480957,0.5785999894142151,0.027400000020861626,0.025499999523162842,0.005200000014156103,0.0019000000320374966,0.0027000000700354576,0.3587000072002411
58.35765075683594,0.5778999924659729,0.027699999511241913,0.025299999862909317,0.005400000140070915,0.0019000000320374966,0.0027000000700354576,0.35910001397132874
58.441017150878906,0.5774999856948853,0.026599999517202377,0.026399999856948853,0.005400000140070915,0.0019000000320374966,0.0027000000700354576,0.359499990940094
58.52438735961914,0.5770000219345093,0.02710000053048134,0.026000000536441803,0.005400000140070915,0.0019000000320374966,0.0027000000700354576,0.35989999771118164
58.607749938964844,0.5763000249862671,0.026100000366568565,0.02710000053048134,0.00559999980032444,0.0017999999690800905,0.0027000000700354576,0.36039999127388
58.69112014770508,0.5760999917984009,0.026000000536441803,0.027300000190734863,0.00559999980032444,0.0017999999690800905,0.0027000000700354576,0.3605000078678131
58.77449035644531,0.5756000280380249,0.02590000070631504,0.027300000190734863,0.005400000140070915,0.0017999999690800905,0.0027000000700354576,0.361299991607666
58.85785675048828,0.5752999782562256,0.026200000196695328,0.0272000003606081,0.005499999970197678,0.0017999999690800905,0.0027000000700354576,0.361299991607666
58.941226959228516,0.5752999782562256,0.024800000712275505,0.028300000354647636,0.0052999998442828655,0.0017999999690800905,0.0027000000700354576,0.3617999851703644
59.02459716796875,0.5746999979019165,0.02539999969303608,0.027899999171495438,0.0052999998442828655,0.0017999999690800905,0.0027000000700354576,0.362199991941452
59.10795974731445,0.5742999911308289,0.025599999353289604,0.027699999511241913,0.005100000184029341,0.0019000000320374966,0.0027000000700354576,0.3626999855041504
59.19132995605469,0.5740000009536743,0.025100000202655792,0.02800000086426735,0.0052999998442828655,0.0019000000320374966,0.0027000000700354576,0.3630000054836273
59.274696350097656,0.5738999843597412,0.025200000032782555,0.027899999171495438,0.005100000184029341,0.0020000000949949026,0.0027000000700354576,0.36320000886917114
59.35806655883789,0.5733000040054321,0.025100000202655792,0.028200000524520874,0.005200000014156103,0.0019000000320374966,0.0027000000700354576,0.3635999858379364
59.441436767578125,0.5727999806404114,0.025100000202655792,0.028300000354647636,0.0052999998442828655,0.0019000000320374966,0.0027000000700354576,0.36390000581741333
59.524803161621094,0.5723000168800354,0.025599999353289604,0.027699999511241913,0.005200000014156103,0.0019000000320374966,0.0027000000700354576,0.3646000027656555
59.6081657409668,0.5715000033378601,0.026399999856948853,0.027300000190734863,0.005200000014156103,0.0019000000320374966,0.0027000000700354576,0.36500000953674316
59.69153594970703,0.5712000131607056,0.025699999183416367,0.027699999511241913,0.005200000014156103,0.0019000000320374966,0.0027000000700354576,0.36559998989105225
59.774906158447266,0.5709999799728394,0.024900000542402267,0.028300000354647636,0.005200000014156103,0.0017999999690800905,0.0027000000700354576,0.366100013256073
59.8582763671875,0.570900022983551,0.023600000888109207,0.029200000688433647,0.004999999888241291,0.0019000000320374966,0.0027000000700354576,0.3666999936103821
59.94164276123047,0.5703999996185303,0.02410000003874302,0.02889999933540821,0.005100000184029341,0.0019000000320374966,0.0027000000700354576,0.3668999969959259
60.0250129699707,0.5698999762535095,0.02459999918937683,0.028599999845027924,0.0052999998442828655,0.0019000000320374966,0.0027000000700354576,0.367000013589859
60.108375549316406,0.5694000124931335,0.02500000037252903,0.028200000524520874,0.005400000140070915,0.0019000000320374966,0.0027000000700354576,0.36739999055862427
60.19174575805664,0.5684999823570251,0.025499999523162842,0.02810000069439411,0.005499999970197678,0.0017999999690800905,0.0027000000700354576,0.367900013923645
60.27511215209961,0.5680999755859375,0.025699999183416367,0.02800000086426735,0.00559999980032444,0.0017999999690800905,0.0027000000700354576,0.36809998750686646
60.358482360839844,0.5673999786376953,0.026399999856948853,0.027799999341368675,0.005499999970197678,0.0017000000225380063,0.00279999990016222,0.3684000074863434
60.44185256958008,0.5663999915122986,0.027400000020861626,0.027499999850988388,0.005400000140070915,0.0017000000225380063,0.00279999990016222,0.36880001425743103
60.52521896362305,0.566100001335144,0.027699999511241913,0.0272000003606081,0.0052999998442828655,0.0017000000225380063,0.00279999990016222,0.3691999912261963
60.60858917236328,0.5658000111579895,0.02800000086426735,0.027000000700354576,0.005499999970197678,0.0017000000225380063,0.00279999990016222,0.3691999912261963
60.691951751708984,0.5654000043869019,0.0284000001847744,0.026399999856948853,0.005799999926239252,0.0017000000225380063,0.00279999990016222,0.3695000112056732
60.77532196044922,0.5651000142097473,0.027300000190734863,0.027699999511241913,0.005799999926239252,0.0017000000225380063,0.00279999990016222,0.36959999799728394
60.85869216918945,0.5648999810218811,0.027499999850988388,0.0272000003606081,0.005799999926239252,0.0017000000225380063,0.00279999990016222,0.3700999915599823
60.94205856323242,0.5647000074386597,0.027300000190734863,0.027400000020861626,0.005900000222027302,0.0017000000225380063,0.00279999990016222,0.3702000081539154
61.025428771972656,0.5644999742507935,0.026499999687075615,0.027899999171495438,0.005900000222027302,0.0017999999690800905,0.00279999990016222,0.37059998512268066
61.10879898071289,0.5641999840736389,0.02539999969303608,0.029100000858306885,0.005900000222027302,0.0017999999690800905,0.00279999990016222,0.3707999885082245
61.192161560058594,0.5637999773025513,0.025499999523162842,0.02889999933540821,0.006099999882280827,0.0017999999690800905,0.00279999990016222,0.3711000084877014
61.27552795410156,0.5633000135421753,0.025699999183416367,0.029200000688433647,0.006099999882280827,0.0017000000225380063,0.002899999963119626,0.3711000084877014
61.3588981628418,0.5623999834060669,0.026599999517202377,0.028699999675154686,0.006200000178068876,0.0017999999690800905,0.002899999963119626,0.37139999866485596
61.44226837158203,0.5616999864578247,0.027300000190734863,0.0284000001847744,0.006200000178068876,0.0017999999690800905,0.002899999963119626,0.3716999888420105
61.525638580322266,0.5609999895095825,0.02710000053048134,0.028999999165534973,0.006200000178068876,0.0017000000225380063,0.002899999963119626,0.37209999561309814
61.609004974365234,0.5604000091552734,0.027499999850988388,0.02889999933540821,0.006300000008195639,0.0015999999595806003,0.002899999963119626,0.3723999857902527
61.69236755371094,0.5600000023841858,0.027899999171495438,0.02810000069439411,0.006300000008195639,0.0015999999595806003,0.002899999963119626,0.373199999332428
61.77573776245117,0.5595999956130981,0.027699999511241913,0.0284000001847744,0.006500000134110451,0.0015999999595806003,0.002899999963119626,0.3732999861240387
61.859107971191406,0.5593000054359436,0.027799999341368675,0.028300000354647636,0.006500000134110451,0.0017000000225380063,0.002899999963119626,0.3734999895095825
61.942474365234375,0.5593000054359436,0.025800000876188278,0.03009999915957451,0.006500000134110451,0.0017000000225380063,0.002899999963119626,0.37369999289512634
62.02584457397461,0.5587999820709229,0.025200000032782555,0.030700000002980232,0.006599999964237213,0.0015999999595806003,0.003000000026077032,0.374099999666214
62.109214782714844,0.5586000084877014,0.024299999698996544,0.03139999881386757,0.006800000090152025,0.001500000013038516,0.003100000089034438,0.3743000030517578
62.19258117675781,0.5583999752998352,0.02280000038444996,0.03290000185370445,0.006800000090152025,0.001500000013038516,0.003100000089034438,0.37450000643730164
62.27594757080078,0.5579000115394592,0.02329999953508377,0.03240000084042549,0.0066999997943639755,0.001500000013038516,0.003100000089034438,0.3750999867916107
62.35931396484375,0.5576000213623047,0.022700000554323196,0.03310000151395798,0.0066999997943639755,0.001500000013038516,0.003100000089034438,0.37529999017715454
62.442684173583984,0.5568000078201294,0.023499999195337296,0.03280000016093254,0.0066999997943639755,0.001500000013038516,0.003100000089034438,0.37560001015663147
62.52605438232422,0.5561000108718872,0.023900000378489494,0.032499998807907104,0.006599999964237213,0.0015999999595806003,0.003100000089034438,0.37619999051094055
62.60942077636719,0.555400013923645,0.02459999918937683,0.03200000151991844,0.006500000134110451,0.001500000013038516,0.003100000089034438,0.37689998745918274
62.69279098510742,0.5547999739646912,0.02500000037252903,0.03200000151991844,0.006399999838322401,0.001500000013038516,0.003100000089034438,0.37720000743865967
62.776153564453125,0.5544000267982483,0.02539999969303608,0.03139999881386757,0.006500000134110451,0.001500000013038516,0.003100000089034438,0.37770000100135803
62.85952377319336,0.554099977016449,0.025699999183416367,0.031199999153614044,0.006500000134110451,0.001500000013038516,0.003100000089034438,0.37790000438690186
62.942893981933594,0.5537999868392944,0.025499999523162842,0.03139999881386757,0.006599999964237213,0.001500000013038516,0.003100000089034438,0.3781000077724457
63.02626037597656,0.5534999966621399,0.025800000876188278,0.030700000002980232,0.0066999997943639755,0.001500000013038516,0.003100000089034438,0.37869998812675476
63.1096305847168,0.5533999800682068,0.02590000070631504,0.030300000682473183,0.0066999997943639755,0.001500000013038516,0.003100000089034438,0.3790999948978424
63.19300079345703,0.5527999997138977,0.026499999687075615,0.03009999915957451,0.0066999997943639755,0.001500000013038516,0.003100000089034438,0.37929999828338623
63.276363372802734,0.5519000291824341,0.0272000003606081,0.02979999966919422,0.006800000090152025,0.00139999995008111,0.0031999999191612005,0.3797000050544739
63.3597297668457,0.5512999892234802,0.026900000870227814,0.030400000512599945,0.0066999997943639755,0.00139999995008111,0.0031999999191612005,0.3801000118255615
63.44309997558594,0.5507000088691711,0.026599999517202377,0.031199999153614044,0.006599999964237213,0.001500000013038516,0.0031999999191612005,0.38019999861717224
63.52647018432617,0.5503000020980835,0.027000000700354576,0.030799999833106995,0.006599999964237213,0.001500000013038516,0.0031999999191612005,0.3806000053882599
63.609840393066406,0.550000011920929,0.027300000190734863,0.03060000017285347,0.006599999964237213,0.001500000013038516,0.0031999999191612005,0.3808000087738037
63.693206787109375,0.5497999787330627,0.027499999850988388,0.030300000682473183,0.006599999964237213,0.001500000013038516,0.0031999999191612005,0.38109999895095825
63.77657699584961,0.5493000149726868,0.02800000086426735,0.029600000008940697,0.0066999997943639755,0.001500000013038516,0.0031999999191612005,0.3817000091075897
63.85993957519531,0.5490999817848206,0.028200000524520874,0.029200000688433647,0.006899999920278788,0.001500000013038516,0.0031999999191612005,0.38190001249313354
63.94330978393555,0.5486999750137329,0.028300000354647636,0.029400000348687172,0.006899999920278788,0.001500000013038516,0.0031999999191612005,0.38199999928474426
64.02667999267578,0.5483999848365784,0.027899999171495438,0.029500000178813934,0.0071000000461936,0.00139999995008111,0.0032999999821186066,0.3824000060558319
64.11004638671875,0.5483999848365784,0.027699999511241913,0.029500000178813934,0.007199999876320362,0.001500000013038516,0.0032999999821186066,0.3824000060558319
64.19341278076172,0.5480999946594238,0.02800000086426735,0.029200000688433647,0.007300000172108412,0.001500000013038516,0.0032999999821186066,0.38260000944137573
64.27678680419922,0.5478000044822693,0.027699999511241913,0.029400000348687172,0.007300000172108412,0.001500000013038516,0.0032999999821186066,0.382999986410141
64.36014556884766,0.5471000075340271,0.027899999171495438,0.029400000348687172,0.007199999876320362,0.001500000013038516,0.0032999999821186066,0.38359999656677246
64.44351959228516,0.5465999841690063,0.027300000190734863,0.030400000512599945,0.0071000000461936,0.001500000013038516,0.0032999999821186066,0.3837999999523163
64.52688598632812,0.5460000038146973,0.02710000053048134,0.030400000512599945,0.0071000000461936,0.001500000013038516,0.0032999999821186066,0.3846000134944916
64.6102523803711,0.5454999804496765,0.02759999968111515,0.03009999915957451,0.007000000216066837,0.001500000013038516,0.0032999999821186066,0.38499999046325684
64.6936264038086,0.545199990272522,0.026200000196695328,0.03139999881386757,0.006800000090152025,0.001500000013038516,0.0032999999821186066,0.3856000006198883
64.77699279785156,0.5446000099182129,0.026100000366568565,0.03150000050663948,0.006899999920278788,0.001500000013038516,0.0032999999821186066,0.38609999418258667
64.86035919189453,0.5440000295639038,0.026100000366568565,0.03189999982714653,0.006800000090152025,0.0015999999595806003,0.0032999999821186066,0.3862999975681305
64.9437255859375,0.54339998960495,0.025800000876188278,0.032600000500679016,0.006800000090152025,0.0015999999595806003,0.0032999999821186066,0.3865000009536743
65.02709197998047,0.5429999828338623,0.025800000876188278,0.03240000084042549,0.0071000000461936,0.0015999999595806003,0.0032999999821186066,0.38679999113082886
65.11046600341797,0.5415999889373779,0.0272000003606081,0.03189999982714653,0.007000000216066837,0.0015999999595806003,0.0032999999821186066,0.3874000012874603
65.19383239746094,0.5414000153541565,0.027400000020861626,0.031700000166893005,0.006800000090152025,0.0017000000225380063,0.0032999999821186066,0.38769999146461487
65.2771987915039,0.5408999919891357,0.027899999171495438,0.03139999881386757,0.006800000090152025,0.0017000000225380063,0.0032999999821186066,0.3880000114440918
65.36056518554688,0.5404999852180481,0.02759999968111515,0.031599998474121094,0.0066999997943639755,0.0017999999690800905,0.0032999999821186066,0.38850000500679016
65.44393157958984,0.5397999882698059,0.028300000354647636,0.031199999153614044,0.006899999920278788,0.0017000000225380063,0.0032999999821186066,0.3887999951839447
65.52730560302734,0.5393999814987183,0.0284000001847744,0.03139999881386757,0.006500000134110451,0.0017000000225380063,0.0032999999821186066,0.38929998874664307
65.61067199707031,0.5386000275611877,0.029200000688433647,0.030899999663233757,0.006599999964237213,0.0017000000225380063,0.0032999999821186066,0.3896999955177307
65.69403839111328,0.5383999943733215,0.02759999968111515,0.03240000084042549,0.006399999838322401,0.0017000000225380063,0.0032999999821186066,0.3901999890804291
65.77741241455078,0.5378999710083008,0.027400000020861626,0.032999999821186066,0.006399999838322401,0.0017000000225380063,0.0032999999821186066,0.3903000056743622
65.86077880859375,0.5375000238418579,0.027499999850988388,0.032999999821186066,0.006399999838322401,0.0017000000225380063,0.0032999999821186066,0.3905999958515167
65.94413757324219,0.5371000170707703,0.0272000003606081,0.03359999880194664,0.006200000178068876,0.0017000000225380063,0.0032999999821186066,0.39089998602867126
66.02751159667969,0.5368000268936157,0.027499999850988388,0.0333000011742115,0.006200000178068876,0.0017000000225380063,0.0032999999821186066,0.3912000060081482
66.11087799072266,0.536300003528595,0.02759999968111515,0.0333000011742115,0.005799999926239252,0.0019000000320374966,0.0032999999821186066,0.3917999863624573
66.19424438476562,0.5357000231742859,0.02710000053048134,0.03400000184774399,0.005900000222027302,0.0017999999690800905,0.0034000000450760126,0.3921000063419342
66.27761840820312,0.5351999998092651,0.026799999177455902,0.034299999475479126,0.005900000222027302,0.0017000000225380063,0.0035000001080334187,0.39259999990463257
66.3609848022461,0.534500002861023,0.027499999850988388,0.03420000150799751,0.005900000222027302,0.0017000000225380063,0.0035000001080334187,0.3926999866962433
66.44435119628906,0.5338000059127808,0.027699999511241913,0.03420000150799751,0.006000000052154064,0.0017000000225380063,0.0035000001080334187,0.39309999346733093
66.52771759033203,0.5335000157356262,0.027799999341368675,0.033900000154972076,0.006000000052154064,0.0015999999595806003,0.0035000001080334187,0.3937000036239624
66.611083984375,0.5327000021934509,0.028599999845027924,0.033799998462200165,0.006000000052154064,0.0015999999595806003,0.0035000001080334187,0.3937999904155731
66.6944580078125,0.5322999954223633,0.028699999675154686,0.03370000049471855,0.006000000052154064,0.0015999999595806003,0.0035000001080334187,0.39419999718666077
66.77782440185547,0.5321999788284302,0.02879999950528145,0.033399999141693115,0.006000000052154064,0.0015999999595806003,0.0035000001080334187,0.3944999873638153
66.86119079589844,0.5317999720573425,0.02759999968111515,0.03449999913573265,0.006000000052154064,0.001500000013038516,0.003599999938160181,0.39500001072883606
66.9445571899414,0.5317000150680542,0.026900000870227814,0.03480000048875809,0.006099999882280827,0.00139999995008111,0.003599999938160181,0.3955000042915344
67.02792358398438,0.5311999917030334,0.026799999177455902,0.035100001841783524,0.006099999882280827,0.00139999995008111,0.003599999938160181,0.39579999446868896
67.11129760742188,0.5309000015258789,0.025800000876188278,0.03579999879002571,0.006000000052154064,0.001500000013038516,0.003599999938160181,0.39640000462532043
67.19466400146484,0.5303999781608582,0.02630000002682209,0.03530000150203705,0.006000000052154064,0.001500000013038516,0.003599999938160181,0.3968999981880188
67.27803039550781,0.5302000045776367,0.025299999862909317,0.035999998450279236,0.006000000052154064,0.001500000013038516,0.003599999938160181,0.39739999175071716
67.36140441894531,0.5289999842643738,0.026399999856948853,0.0357000008225441,0.006000000052154064,0.001500000013038516,0.003599999938160181,0.3977999985218048
67.44477081298828,0.5281999707221985,0.0272000003606081,0.03539999946951866,0.005799999926239252,0.001500000013038516,0.003599999938160181,0.3982999920845032
67.52813720703125,0.5277000069618225,0.026499999687075615,0.036400001496076584,0.005799999926239252,0.001500000013038516,0.003599999938160181,0.398499995470047
67.61150360107422,0.527400016784668,0.02630000002682209,0.0364999994635582,0.006000000052154064,0.001500000013038516,0.003599999938160181,0.3986999988555908
67.69486999511719,0.5271000266075134,0.02500000037252903,0.037700001150369644,0.006000000052154064,0.001500000013038516,0.003599999938160181,0.39910000562667847
67.77824401855469,0.5268999934196472,0.025200000032782555,0.03739999979734421,0.006099999882280827,0.001500000013038516,0.003599999938160181,0.3993000090122223
67.86161041259766,0.5266000032424927,0.025499999523162842,0.03689999878406525,0.006099999882280827,0.0015999999595806003,0.003599999938160181,0.39969998598098755
67.94497680664062,0.5263000130653381,0.025200000032782555,0.03709999844431877,0.005900000222027302,0.0017000000225380063,0.003599999938160181,0.4002000093460083
68.0283432006836,0.5259000062942505,0.024700000882148743,0.03759999945759773,0.00559999980032444,0.0017000000225380063,0.003599999938160181,0.4009000062942505
68.11170959472656,0.5256999731063843,0.02370000071823597,0.03849999979138374,0.005799999926239252,0.0017000000225380063,0.003599999938160181,0.4009999930858612
68.19508361816406,0.5249999761581421,0.023399999365210533,0.03909999877214432,0.00559999980032444,0.0017000000225380063,0.003599999938160181,0.4016000032424927
68.27845001220703,0.5246000289916992,0.023800000548362732,0.038600001484155655,0.005900000222027302,0.0017000000225380063,0.003599999938160181,0.4018000066280365
68.36181640625,0.5235000252723694,0.02419999986886978,0.039000000804662704,0.005900000222027302,0.0017000000225380063,0.003599999938160181,0.40209999680519104
68.4451904296875,0.5224000215530396,0.025299999862909317,0.038600001484155655,0.006000000052154064,0.0017000000225380063,0.003599999938160181,0.4023999869823456
68.52854919433594,0.5214999914169312,0.025200000032782555,0.03909999877214432,0.006000000052154064,0.0017000000225380063,0.003599999938160181,0.40290001034736633
68.61192321777344,0.5206000208854675,0.02449999935925007,0.03999999910593033,0.006099999882280827,0.0017000000225380063,0.003599999938160181,0.4034999907016754
68.6952896118164,0.5203999876976013,0.024700000882148743,0.039900001138448715,0.006000000052154064,0.0017000000225380063,0.003599999938160181,0.40369999408721924
68.77865600585938,0.51910001039505,0.026000000536441803,0.03920000046491623,0.006099999882280827,0.0017000000225380063,0.003599999938160181,0.4043000042438507
68.86203002929688,0.5185999870300293,0.02630000002682209,0.03889999911189079,0.006099999882280827,0.0017000000225380063,0.003599999938160181,0.4047999978065491
68.94539642333984,0.517799973487854,0.026399999856948853,0.03909999877214432,0.006099999882280827,0.0017000000225380063,0.003599999938160181,0.40529999136924744
69.02876281738281,0.5171999931335449,0.026200000196695328,0.03889999911189079,0.005900000222027302,0.0017000000225380063,0.003599999938160181,0.4065000116825104
69.11212921142578,0.5169000029563904,0.026200000196695328,0.038600001484155655,0.005900000222027302,0.0017000000225380063,0.003599999938160181,0.40709999203681946
69.19549560546875,0.5164999961853027,0.026000000536441803,0.03869999945163727,0.005900000222027302,0.0017000000225380063,0.003599999938160181,0.4075999855995178
69.27886962890625,0.5162000060081482,0.02630000002682209,0.03830000013113022,0.006000000052154064,0.0017000000225380063,0.003599999938160181,0.40790000557899475
69.36223602294922,0.515500009059906,0.027000000700354576,0.03790000081062317,0.005799999926239252,0.0017000000225380063,0.003599999938160181,0.40849998593330383
69.44560241699219,0.5149999856948853,0.02710000053048134,0.03799999877810478,0.005900000222027302,0.0017000000225380063,0.003599999938160181,0.40869998931884766
69.52897644042969,0.51419997215271,0.027899999171495438,0.037700001150369644,0.005799999926239252,0.0017000000225380063,0.003599999938160181,0.4090999960899353
69.61233520507812,0.5134999752044678,0.028300000354647636,0.03779999911785126,0.00570000009611249,0.0015999999595806003,0.003599999938160181,0.40950000286102295
69.6957015991211,0.5128999948501587,0.0284000001847744,0.03779999911785126,0.005799999926239252,0.0015999999595806003,0.003599999938160181,0.4099000096321106
69.7790756225586,0.512499988079071,0.02879999950528145,0.03759999945759773,0.00570000009611249,0.0015999999595806003,0.003599999938160181,0.41019999980926514
69.86244201660156,0.5123000144958496,0.028200000524520874,0.03799999877810478,0.005799999926239252,0.0017000000225380063,0.003599999938160181,0.41040000319480896
69.94581604003906,0.5120999813079834,0.0284000001847744,0.03779999911785126,0.00570000009611249,0.0017000000225380063,0.003599999938160181,0.4106999933719635
70.02918243408203,0.5113000273704529,0.029200000688433647,0.03759999945759773,0.00559999980032444,0.0017999999690800905,0.003599999938160181,0.4108999967575073
70.11254119873047,0.5109999775886536,0.02930000051856041,0.03689999878406525,0.00559999980032444,0.0017999999690800905,0.003599999938160181,0.41179999709129333
70.19591522216797,0.5105999708175659,0.02889999933540821,0.03750000149011612,0.005400000140070915,0.0017999999690800905,0.003599999938160181,0.412200003862381
70.27928161621094,0.5105000138282776,0.028999999165534973,0.03709999844431877,0.005400000140070915,0.0019000000320374966,0.003599999938160181,0.4124999940395355
70.3626480102539,0.5098999738693237,0.028200000524520874,0.03790000081062317,0.005499999970197678,0.0020000000949949026,0.003599999938160181,0.41290000081062317
70.4460220336914,0.5097000002861023,0.02810000069439411,0.03739999979734421,0.00570000009611249,0.002099999925121665,0.003599999938160181,0.41339999437332153
70.52938842773438,0.5091000199317932,0.028699999675154686,0.03700000047683716,0.005799999926239252,0.002099999925121665,0.003599999938160181,0.41370001435279846
70.61275482177734,0.5084999799728394,0.0272000003606081,0.03880000114440918,0.005799999926239252,0.002099999925121665,0.003599999938160181,0.414000004529953
70.69612121582031,0.5083000063896179,0.027400000020861626,0.038100000470876694,0.005799999926239252,0.0020000000949949026,0.003700000001117587,0.4147000014781952
70.77948760986328,0.5078999996185303,0.027799999341368675,0.03759999945759773,0.005799999926239252,0.0020000000949949026,0.003700000001117587,0.41519999504089355
70.86286163330078,0.5072000026702881,0.028200000524520874,0.03700000047683716,0.005799999926239252,0.0020000000949949026,0.003700000001117587,0.41609999537467957
70.94622802734375,0.507099986076355,0.02759999968111515,0.037300001829862595,0.005799999926239252,0.002099999925121665,0.003700000001117587,0.4163999855518341
71.02959442138672,0.5070000290870667,0.027699999511241913,0.03689999878406525,0.005799999926239252,0.002099999925121665,0.003700000001117587,0.41679999232292175
71.11296844482422,0.506600022315979,0.0272000003606081,0.03779999911785126,0.005799999926239252,0.002099999925121665,0.003700000001117587,0.41679999232292175
71.19632720947266,0.5059000253677368,0.027899999171495438,0.03739999979734421,0.005799999926239252,0.002099999925121665,0.003700000001117587,0.4171999990940094
71.27970123291016,0.5055999755859375,0.028200000524520874,0.03720000013709068,0.00570000009611249,0.0020000000949949026,0.003800000064074993,0.41749998927116394
71.36306762695312,0.5044999718666077,0.028599999845027924,0.037300001829862595,0.00570000009611249,0.0020000000949949026,0.003800000064074993,0.4180999994277954
71.4464340209961,0.5041999816894531,0.02889999933540821,0.03669999912381172,0.005499999970197678,0.0020000000949949026,0.003800000064074993,0.4189000129699707
71.5298080444336,0.5033000111579895,0.02969999983906746,0.036400001496076584,0.005400000140070915,0.0019000000320374966,0.003800000064074993,0.4194999933242798
71.61317443847656,0.5023999810218811,0.029999999329447746,0.03660000115633011,0.005400000140070915,0.0019000000320374966,0.003800000064074993,0.41990000009536743
71.69654083251953,0.5016999840736389,0.02930000051856041,0.037300001829862595,0.0052999998442828655,0.0019000000320374966,0.003800000064074993,0.4207000136375427
71.7799072265625,0.5012999773025513,0.029100000858306885,0.03739999979734421,0.005499999970197678,0.0019000000320374966,0.003800000064074993,0.42100000381469727
71.86327362060547,0.5008000135421753,0.029600000008940697,0.03669999912381172,0.005499999970197678,0.0019000000320374966,0.003800000064074993,0.42170000076293945
71.94664764404297,0.5005999803543091,0.02979999966919422,0.03620000183582306,0.00570000009611249,0.0019000000320374966,0.003800000064074993,0.421999990940094
72.03001403808594,0.5,0.030400000512599945,0.03539999946951866,0.006099999882280827,0.0019000000320374966,0.003800000064074993,0.42239999771118164
72.1133804321289,0.4993000030517578,0.031099999323487282,0.034699998795986176,0.006200000178068876,0.0019000000320374966,0.003800000064074993,0.4230000078678131
72.19674682617188,0.49889999628067017,0.03099999949336052,0.03449999913573265,0.006099999882280827,0.0020000000949949026,0.003800000064074993,0.4237000048160553
72.28011322021484,0.4984999895095825,0.030799999833106995,0.034699998795986176,0.006000000052154064,0.0020000000949949026,0.003800000064074993,0.42419999837875366
72.36348724365234,0.49790000915527344,0.03139999881386757,0.033799998462200165,0.006300000008195639,0.0020000000949949026,0.003800000064074993,0.42480000853538513
72.44685363769531,0.4975000023841858,0.03180000185966492,0.0333000011742115,0.006399999838322401,0.002099999925121665,0.003800000064074993,0.4250999987125397
72.53022003173828,0.4966000020503998,0.03269999846816063,0.03280000016093254,0.0066999997943639755,0.002099999925121665,0.003800000064074993,0.4253000020980835
72.61359405517578,0.49570000171661377,0.032999999821186066,0.03280000016093254,0.006800000090152025,0.002099999925121665,0.003800000064074993,0.42579999566078186
72.69696044921875,0.49559998512268066,0.03310000151395798,0.03229999914765358,0.006800000090152025,0.002199999988079071,0.003800000064074993,0.4262000024318695
72.78031921386719,0.49540001153945923,0.03290000185370445,0.03240000084042549,0.006800000090152025,0.002199999988079071,0.003800000064074993,0.42649999260902405
72.86369323730469,0.4950999915599823,0.032999999821186066,0.032099999487400055,0.006800000090152025,0.002099999925121665,0.0038999998942017555,0.4269999861717224
72.94705963134766,0.4948999881744385,0.03310000151395798,0.03139999881386757,0.0066999997943639755,0.002099999925121665,0.004000000189989805,0.4277999997138977
73.03043365478516,0.49480000138282776,0.03280000016093254,0.03150000050663948,0.0066999997943639755,0.002099999925121665,0.004000000189989805,0.42809998989105225
73.11380004882812,0.4943000078201294,0.03139999881386757,0.03269999846816063,0.006800000090152025,0.002099999925121665,0.004000000189989805,0.4287000000476837
73.1971664428711,0.49390000104904175,0.03150000050663948,0.03220000118017197,0.007000000216066837,0.002099999925121665,0.004000000189989805,0.4293000102043152
73.28053283691406,0.4936000108718872,0.031099999323487282,0.03220000118017197,0.007000000216066837,0.0019000000320374966,0.004000000189989805,0.4302000105381012
73.36389923095703,0.492900013923645,0.03150000050663948,0.03220000118017197,0.007000000216066837,0.0019000000320374966,0.004000000189989805,0.43050000071525574
73.447265625,0.4918999969959259,0.032499998807907104,0.031700000166893005,0.0071000000461936,0.0017999999690800905,0.004000000189989805,0.4309999942779541
73.5306396484375,0.49140000343322754,0.032999999821186066,0.031300000846385956,0.0071000000461936,0.0017000000225380063,0.004000000189989805,0.43149998784065247
73.61400604248047,0.49079999327659607,0.033399999141693115,0.03099999949336052,0.007300000172108412,0.0017000000225380063,0.004000000189989805,0.4318000078201294
73.69737243652344,0.49059998989105225,0.03269999846816063,0.031199999153614044,0.007400000002235174,0.0017000000225380063,0.004000000189989805,0.4323999881744385
73.7807388305664,0.4902999997138977,0.032999999821186066,0.03060000017285347,0.007300000172108412,0.0017999999690800905,0.004000000189989805,0.43299999833106995
73.86410522460938,0.4900999963283539,0.03220000118017197,0.030899999663233757,0.007400000002235174,0.0015999999595806003,0.004100000020116568,0.43369999527931213
73.94747924804688,0.48989999294281006,0.029899999499320984,0.03310000151395798,0.007199999876320362,0.0017000000225380063,0.004100000020116568,0.4341000020503998
74.03084564208984,0.4893999993801117,0.029899999499320984,0.032999999821186066,0.007199999876320362,0.0017000000225380063,0.004100000020116568,0.43470001220703125
74.11421203613281,0.4885999858379364,0.030700000002980232,0.03269999846816063,0.007199999876320362,0.0017000000225380063,0.004100000020116568,0.4350000023841858
74.19758605957031,0.48809999227523804,0.030300000682473183,0.033399999141693115,0.007199999876320362,0.0017000000225380063,0.004100000020116568,0.4352000057697296
74.28094482421875,0.4878999888896942,0.029200000688433647,0.034299999475479126,0.007199999876320362,0.0017000000225380063,0.004100000020116568,0.43560001254081726
74.36431884765625,0.48739999532699585,0.029600000008940697,0.033900000154972076,0.007199999876320362,0.0017000000225380063,0.004100000020116568,0.4361000061035156
74.44768524169922,0.4869000017642975,0.029899999499320984,0.03370000049471855,0.007199999876320362,0.0017000000225380063,0.004100000020116568,0.43650001287460327
74.53105163574219,0.4862000048160553,0.03060000017285347,0.03319999948143959,0.006899999920278788,0.0019000000320374966,0.004100000020116568,0.43709999322891235
74.61442565917969,0.4853000044822693,0.031300000846385956,0.032999999821186066,0.006899999920278788,0.0019000000320374966,0.004100000020116568,0.4375
74.69779205322266,0.48500001430511475,0.030500000342726707,0.033900000154972076,0.006800000090152025,0.0019000000320374966,0.004100000020116568,0.43779999017715454
74.78115844726562,0.4846999943256378,0.030799999833106995,0.033399999141693115,0.007000000216066837,0.0019000000320374966,0.004100000020116568,0.43810001015663147
74.8645248413086,0.484499990940094,0.02969999983906746,0.0340999998152256,0.0071000000461936,0.0017999999690800905,0.00419999985024333,0.43860000371932983
74.94789123535156,0.48399999737739563,0.029999999329447746,0.033799998462200165,0.007000000216066837,0.0017999999690800905,0.00419999985024333,0.4392000138759613
75.03126525878906,0.4837000072002411,0.029899999499320984,0.03370000049471855,0.006899999920278788,0.0017999999690800905,0.00419999985024333,0.4397999942302704
75.11463165283203,0.4832000136375427,0.030400000512599945,0.0333000011742115,0.006800000090152025,0.0019000000320374966,0.00419999985024333,0.44020000100135803
75.197998046875,0.4821999967098236,0.03139999881386757,0.032600000500679016,0.006899999920278788,0.0017999999690800905,0.00419999985024333,0.4408999979496002
75.2813720703125,0.4819999933242798,0.030899999663233757,0.03280000016093254,0.006899999920278788,0.0019000000320374966,0.00419999985024333,0.44130000472068787
75.36473083496094,0.4810999929904938,0.03180000185966492,0.032499998807907104,0.006800000090152025,0.0019000000320374966,0.00419999985024333,0.4417000114917755
75.44810485839844,0.48069998621940613,0.03189999982714653,0.03220000118017197,0.006899999920278788,0.0019000000320374966,0.00419999985024333,0.4422000050544739
75.5314712524414,0.47999998927116394,0.031700000166893005,0.032999999821186066,0.006899999920278788,0.0019000000320374966,0.00419999985024333,0.4422999918460846
75.61483764648438,0.4796999990940094,0.031099999323487282,0.0333000011742115,0.006899999920278788,0.0020000000949949026,0.00419999985024333,0.44279998540878296
75.69821166992188,0.4794999957084656,0.031300000846385956,0.03290000185370445,0.006899999920278788,0.0020000000949949026,0.00419999985024333,0.4431999921798706
75.78157806396484,0.4788999855518341,0.03189999982714653,0.03240000084042549,0.0071000000461936,0.0019000000320374966,0.00419999985024333,0.44359999895095825
75.86494445800781,0.47839999198913574,0.03220000118017197,0.03220000118017197,0.007199999876320362,0.0019000000320374966,0.00419999985024333,0.4438999891281128
75.94831085205078,0.4778999984264374,0.03269999846816063,0.03180000185966492,0.007000000216066837,0.0019000000320374966,0.00419999985024333,0.44449999928474426
76.03167724609375,0.47780001163482666,0.031199999153614044,0.03310000151395798,0.006899999920278788,0.0019000000320374966,0.00419999985024333,0.4449000060558319
76.11505126953125,0.4772000014781952,0.03180000185966492,0.03280000016093254,0.006800000090152025,0.0019000000320374966,0.00419999985024333,0.44530001282691956
76.19841766357422,0.4772000014781952,0.031599998474121094,0.032499998807907104,0.006899999920278788,0.0019000000320374966,0.00419999985024333,0.4456999897956848
76.28178405761719,0.4765999913215637,0.03220000118017197,0.03229999914765358,0.006899999920278788,0.0019000000320374966,0.00419999985024333,0.44589999318122864
76.36515808105469,0.47589999437332153,0.03220000118017197,0.03269999846816063,0.007000000216066837,0.0019000000320374966,0.00419999985024333,0.44609999656677246
76.44851684570312,0.47540000081062317,0.03269999846816063,0.032499998807907104,0.006800000090152025,0.0019000000320374966,0.00430000014603138,0.446399986743927
76.53189086914062,0.47450000047683716,0.03359999880194664,0.03180000185966492,0.0066999997943639755,0.0020000000949949026,0.00430000014603138,0.4471000134944916
76.6152572631836,0.47369998693466187,0.0340999998152256,0.03150000050663948,0.006800000090152025,0.0019000000320374966,0.00430000014603138,0.44769999384880066
76.69862365722656,0.4731999933719635,0.034299999475479126,0.031300000846385956,0.006800000090152025,0.0019000000320374966,0.00430000014603138,0.448199987411499
76.78199768066406,0.4729999899864197,0.03220000118017197,0.0333000011742115,0.006800000090152025,0.0017999999690800905,0.00430000014603138,0.44859999418258667
76.86536407470703,0.4722000062465668,0.03180000185966492,0.033799998462200165,0.006800000090152025,0.0017999999690800905,0.00430000014603138,0.44929999113082886
76.94872283935547,0.4717999994754791,0.03220000118017197,0.033399999141693115,0.0066999997943639755,0.0017999999690800905,0.004399999976158142,0.4496999979019165
77.03209686279297,0.4715000092983246,0.032499998807907104,0.03310000151395798,0.0066999997943639755,0.0015999999595806003,0.0044999998062849045,0.45010000467300415
77.11546325683594,0.4708999991416931,0.032099999487400055,0.03370000049471855,0.006800000090152025,0.0015999999595806003,0.0044999998062849045,0.4503999948501587
77.1988296508789,0.47040000557899475,0.03200000151991844,0.033900000154972076,0.0066999997943639755,0.0015999999595806003,0.0044999998062849045,0.45089998841285706
77.2822036743164,0.4699999988079071,0.03220000118017197,0.03359999880194664,0.0066999997943639755,0.0015999999595806003,0.0044999998062849045,0.4514000117778778
77.36557006835938,0.46959999203681946,0.031599998474121094,0.033900000154972076,0.0066999997943639755,0.0015999999595806003,0.0044999998062849045,0.45210000872612
77.44893646240234,0.46869999170303345,0.03180000185966492,0.03400000184774399,0.0066999997943639755,0.0015999999595806003,0.0044999998062849045,0.4526999890804291
77.53230285644531,0.46810001134872437,0.031099999323487282,0.03500000014901161,0.006800000090152025,0.0015999999595806003,0.0044999998062849045,0.4528999924659729
77.61566925048828,0.4677000045776367,0.03020000085234642,0.03579999879002571,0.0071000000461936,0.0015999999595806003,0.0044999998062849045,0.4530999958515167
77.69904327392578,0.4672999978065491,0.028300000354647636,0.03779999911785126,0.007000000216066837,0.0015999999595806003,0.0044999998062849045,0.45350000262260437
77.78240966796875,0.4666000008583069,0.028699999675154686,0.03759999945759773,0.007000000216066837,0.0015999999595806003,0.0044999998062849045,0.45399999618530273
77.86577606201172,0.46639999747276306,0.027799999341368675,0.03830000013113022,0.0071000000461936,0.0015999999595806003,0.0044999998062849045,0.4542999863624573
77.94915008544922,0.46639999747276306,0.026900000870227814,0.03869999945163727,0.0071000000461936,0.0015999999595806003,0.0044999998062849045,0.454800009727478
78.03250885009766,0.4659000039100647,0.02630000002682209,0.03959999978542328,0.007000000216066837,0.0017000000225380063,0.0044999998062849045,0.45500001311302185
78.11588287353516,0.4652999937534332,0.026900000870227814,0.03920000046491623,0.007000000216066837,0.0017000000225380063,0.0044999998062849045,0.4553999900817871
78.19924926757812,0.4650000035762787,0.026900000870227814,0.039000000804662704,0.007000000216066837,0.0017000000225380063,0.0044999998062849045,0.45590001344680786
78.2826156616211,0.46470001339912415,0.0272000003606081,0.03880000114440918,0.006800000090152025,0.0017000000225380063,0.0044999998062849045,0.4562999904155731
78.3659896850586,0.46380001306533813,0.02759999968111515,0.03849999979138374,0.006800000090152025,0.0017000000225380063,0.0044999998062849045,0.4571000039577484
78.44935607910156,0.46239998936653137,0.028999999165534973,0.03799999877810478,0.006899999920278788,0.0017999999690800905,0.0044999998062849045,0.45739999413490295
78.53272247314453,0.46149998903274536,0.02969999983906746,0.03759999945759773,0.006899999920278788,0.0017999999690800905,0.0044999998062849045,0.4580000042915344
78.6160888671875,0.4603999853134155,0.02979999966919422,0.03779999911785126,0.006899999920278788,0.0017000000225380063,0.0044999998062849045,0.45890000462532043
78.69945526123047,0.4595000147819519,0.030300000682473183,0.03799999877810478,0.006800000090152025,0.0017000000225380063,0.0044999998062849045,0.459199994802475
78.78282928466797,0.45910000801086426,0.029899999499320984,0.03840000182390213,0.006899999920278788,0.0017000000225380063,0.0044999998062849045,0.4595000147819519
78.86619567871094,0.4586000144481659,0.02979999966919422,0.038600001484155655,0.007000000216066837,0.0019000000320374966,0.0044999998062849045,0.4596000015735626
78.9495620727539,0.45840001106262207,0.0284000001847744,0.04010000079870224,0.006899999920278788,0.0019000000320374966,0.0044999998062849045,0.45980000495910645
79.03292846679688,0.4578999876976013,0.0284000001847744,0.040300000458955765,0.006599999964237213,0.0019000000320374966,0.0044999998062849045,0.4603999853134155
79.11629486083984,0.4577000141143799,0.02810000069439411,0.04039999842643738,0.006500000134110451,0.0019000000320374966,0.0044999998062849045,0.4609000086784363
79.19966888427734,0.45739999413490295,0.027699999511241913,0.04019999876618385,0.006599999964237213,0.0019000000320374966,0.0044999998062849045,0.4616999924182892
79.28303527832031,0.4569999873638153,0.027000000700354576,0.04100000113248825,0.0066999997943639755,0.0019000000320374966,0.0044999998062849045,0.461899995803833
79.36640167236328,0.4560000002384186,0.027300000190734863,0.0414000004529953,0.006599999964237213,0.0020000000949949026,0.0044999998062849045,0.46219998598098755
79.44977569580078,0.45509999990463257,0.027300000190734863,0.04179999977350235,0.006599999964237213,0.0020000000949949026,0.0044999998062849045,0.4627000093460083
79.53313446044922,0.4546000063419342,0.027799999341368675,0.041200000792741776,0.006899999920278788,0.0020000000949949026,0.0044999998062849045,0.46299999952316284
79.61650848388672,0.4537999927997589,0.0284000001847744,0.04100000113248825,0.006800000090152025,0.002099999925121665,0.0044999998062849045,0.4634000062942505
79.69987487792969,0.45350000262260437,0.028699999675154686,0.04019999876618385,0.006800000090152025,0.002099999925121665,0.0044999998062849045,0.4641999900341034
79.78324127197266,0.4528000056743622,0.02850000001490116,0.040800001472234726,0.006899999920278788,0.002199999988079071,0.0044999998062849045,0.4643000066280365
79.86661529541016,0.4523000121116638,0.028699999675154686,0.040800001472234726,0.007000000216066837,0.002199999988079071,0.0044999998062849045,0.4645000100135803
79.94998168945312,0.4521999955177307,0.02879999950528145,0.0406000018119812,0.0066999997943639755,0.002199999988079071,0.004600000102072954,0.4648999869823456
80.0333480834961,0.45159998536109924,0.02879999950528145,0.04039999842643738,0.006800000090152025,0.002199999988079071,0.004600000102072954,0.46560001373291016
80.11671447753906,0.451200008392334,0.02879999950528145,0.04050000011920929,0.006599999964237213,0.002199999988079071,0.004600000102072954,0.4661000072956085
80.20008087158203,0.45100000500679016,0.027000000700354576,0.041999999433755875,0.0066999997943639755,0.002099999925121665,0.004699999932199717,0.46650001406669617
80.283447265625,0.4505000114440918,0.027499999850988388,0.04179999977350235,0.006599999964237213,0.002099999925121665,0.004699999932199717,0.4668000042438507
80.3668212890625,0.44940000772476196,0.027000000700354576,0.0430000014603138,0.006500000134110451,0.002099999925121665,0.004699999932199717,0.4672999978065491
80.45018768310547,0.44909998774528503,0.027300000190734863,0.04259999841451645,0.006800000090152025,0.002099999925121665,0.004699999932199717,0.4674000144004822
80.53356170654297,0.4490000009536743,0.026900000870227814,0.0421999990940094,0.006899999920278788,0.002300000051036477,0.004699999932199717,0.46799999475479126
80.6169204711914,0.44830000400543213,0.02759999968111515,0.0414000004529953,0.007300000172108412,0.002300000051036477,0.004699999932199717,0.4684000015258789
80.70028686523438,0.44769999384880066,0.027799999341368675,0.04100000113248825,0.0071000000461936,0.002400000113993883,0.004699999932199717,0.4693000018596649
80.78366088867188,0.4465999901294708,0.02889999933540821,0.04089999943971634,0.007000000216066837,0.002400000113993883,0.004699999932199717,0.46950000524520874
80.86702728271484,0.4462999999523163,0.0284000001847744,0.0414000004529953,0.006800000090152025,0.0026000000070780516,0.004699999932199717,0.4697999954223633
80.95039367675781,0.44620001316070557,0.027699999511241913,0.041999999433755875,0.006599999964237213,0.0026000000070780516,0.004699999932199717,0.4702000021934509
81.03376770019531,0.4453999996185303,0.02800000086426735,0.0421999990940094,0.006599999964237213,0.0026000000070780516,0.004699999932199717,0.47049999237060547
81.11712646484375,0.4449000060558319,0.0284000001847744,0.04179999977350235,0.006500000134110451,0.0027000000700354576,0.004699999932199717,0.47099998593330383
81.20050048828125,0.4447000026702881,0.028300000354647636,0.04170000180602074,0.006399999838322401,0.0026000000070780516,0.004800000227987766,0.4715000092983246
81.28386688232422,0.44429999589920044,0.028699999675154686,0.041200000792741776,0.006500000134110451,0.0024999999441206455,0.004800000227987766,0.47200000286102295
81.36723327636719,0.44369998574256897,0.02879999950528145,0.0414000004529953,0.006500000134110451,0.0026000000070780516,0.004800000227987766,0.4722000062465668
81.45060729980469,0.44269999861717224,0.02979999966919422,0.04100000113248825,0.006500000134110451,0.0026000000070780516,0.004800000227987766,0.4726000130176544
81.53397369384766,0.4424000084400177,0.028699999675154686,0.04230000078678131,0.006500000134110451,0.0024999999441206455,0.004800000227987766,0.47279998660087585
81.61734008789062,0.44179999828338623,0.028699999675154686,0.042100001126527786,0.0066999997943639755,0.002400000113993883,0.004800000227987766,0.47350001335144043
81.7007064819336,0.4415999948978424,0.02889999933540821,0.04179999977350235,0.006800000090152025,0.002400000113993883,0.004800000227987766,0.47369998693466187
81.78407287597656,0.44130000472068787,0.029200000688433647,0.041600000113248825,0.006800000090152025,0.002400000113993883,0.004800000227987766,0.4738999903202057
81.86744689941406,0.4408999979496002,0.028300000354647636,0.04230000078678131,0.006800000090152025,0.002400000113993883,0.004800000227987766,0.47450000047683716
81.95081329345703,0.44040000438690186,0.02879999950528145,0.04190000146627426,0.006800000090152025,0.002400000113993883,0.004800000227987766,0.4749000072479248
82.0341796875,0.4401000142097473,0.029100000858306885,0.04129999876022339,0.006800000090152025,0.002400000113993883,0.004800000227987766,0.4754999876022339
82.1175537109375,0.43950000405311584,0.02969999983906746,0.0406000018119812,0.006899999920278788,0.002300000051036477,0.004800000227987766,0.47620001435279846
82.20091247558594,0.439300000667572,0.029899999499320984,0.04019999876618385,0.006899999920278788,0.002199999988079071,0.004800000227987766,0.4767000079154968
82.28428649902344,0.4390999972820282,0.03009999915957451,0.039799999445676804,0.006899999920278788,0.002199999988079071,0.004800000227987766,0.4771000146865845
82.3676528930664,0.4388999938964844,0.030300000682473183,0.039000000804662704,0.006800000090152025,0.002300000051036477,0.004800000227987766,0.4778999984264374
82.45101928710938,0.43790000677108765,0.031300000846385956,0.03840000182390213,0.006899999920278788,0.002300000051036477,0.004800000227987766,0.47839999198913574
82.53439331054688,0.4374000132083893,0.031099999323487282,0.03849999979138374,0.006899999920278788,0.002300000051036477,0.004800000227987766,0.4790000021457672
82.61775970458984,0.43720000982284546,0.030400000512599945,0.03840000182390213,0.0066999997943639755,0.002400000113993883,0.004800000227987766,0.48010000586509705
82.70112609863281,0.43720000982284546,0.030400000512599945,0.037700001150369644,0.0066999997943639755,0.002300000051036477,0.004800000227987766,0.48089998960494995
82.78449249267578,0.43700000643730164,0.030400000512599945,0.03720000013709068,0.0066999997943639755,0.002300000051036477,0.004800000227987766,0.48159998655319214
82.86785888671875,0.4366999864578247,0.030500000342726707,0.03660000115633011,0.006599999964237213,0.002400000113993883,0.004900000058114529,0.4823000133037567
82.95123291015625,0.43630000948905945,0.030899999663233757,0.03629999980330467,0.006599999964237213,0.002400000113993883,0.004900000058114529,0.48260000348091125
83.03459930419922,0.4359000027179718,0.031300000846385956,0.035599999129772186,0.0066999997943639755,0.002400000113993883,0.004900000058114529,0.4832000136375427
83.11796569824219,0.435699999332428,0.03150000050663948,0.03550000116229057,0.006599999964237213,0.002400000113993883,0.004900000058114529,0.48339998722076416
83.20133972167969,0.43540000915527344,0.03060000017285347,0.0364999994635582,0.006500000134110451,0.002400000113993883,0.004900000058114529,0.4837000072002411
83.28469848632812,0.4350000023841858,0.03099999949336052,0.03539999946951866,0.0066999997943639755,0.002400000113993883,0.004900000058114529,0.4846000075340271
83.36807250976562,0.43470001220703125,0.029999999329447746,0.0364999994635582,0.006599999964237213,0.002400000113993883,0.004900000058114529,0.48489999771118164
83.4514389038086,0.4334999918937683,0.030899999663233757,0.03629999980330467,0.0066999997943639755,0.002400000113993883,0.004900000058114529,0.4853000044822693
83.53480529785156,0.43299999833106995,0.03139999881386757,0.03590000048279762,0.006599999964237213,0.002400000113993883,0.004900000058114529,0.48579999804496765
83.61817932128906,0.43290001153945923,0.03139999881386757,0.035599999129772186,0.0066999997943639755,0.002400000113993883,0.004900000058114529,0.4860999882221222
83.70154571533203,0.4325000047683716,0.031300000846385956,0.03530000150203705,0.006800000090152025,0.002400000113993883,0.004900000058114529,0.4867999851703644
83.78490447998047,0.4325000047683716,0.030700000002980232,0.03539999946951866,0.006800000090152025,0.002400000113993883,0.004900000058114529,0.48730000853538513
83.86827850341797,0.4320000112056732,0.031199999153614044,0.03460000082850456,0.006899999920278788,0.002300000051036477,0.004999999888241291,0.4880000054836273
83.95164489746094,0.43140000104904175,0.031099999323487282,0.03420000150799751,0.007199999876320362,0.002199999988079071,0.005100000184029341,0.4887999892234802
84.03501892089844,0.4311000108718872,0.03139999881386757,0.03350000083446503,0.0071000000461936,0.002199999988079071,0.005100000184029341,0.4896000027656555
84.1183853149414,0.4307999908924103,0.031700000166893005,0.0333000011742115,0.007000000216066837,0.002300000051036477,0.005100000184029341,0.48980000615119934
84.20175170898438,0.4302999973297119,0.031599998474121094,0.03310000151395798,0.007300000172108412,0.002099999925121665,0.005200000014156103,0.4903999865055084
84.28511810302734,0.4300000071525574,0.03139999881386757,0.03280000016093254,0.0071000000461936,0.002300000051036477,0.005200000014156103,0.4912000000476837
84.36848449707031,0.429500013589859,0.03150000050663948,0.03290000185370445,0.006800000090152025,0.002400000113993883,0.005200000014156103,0.4916999936103821
84.45185089111328,0.4287000000476837,0.030500000342726707,0.03440000116825104,0.006800000090152025,0.002300000051036477,0.0052999998442828655,0.492000013589859
84.53522491455078,0.42820000648498535,0.030500000342726707,0.03460000082850456,0.006800000090152025,0.002300000051036477,0.0052999998442828655,0.49230000376701355
84.61859130859375,0.42739999294281006,0.031300000846385956,0.03420000150799751,0.0066999997943639755,0.002300000051036477,0.0052999998442828655,0.4927999973297119
84.70195770263672,0.42730000615119934,0.031300000846385956,0.033900000154972076,0.0066999997943639755,0.002300000051036477,0.0052999998442828655,0.49320000410079956
84.78532409667969,0.4271000027656555,0.030300000682473183,0.034299999475479126,0.0066999997943639755,0.002400000113993883,0.0052999998442828655,0.49390000104904175
84.86869049072266,0.4268999993801117,0.029500000178813934,0.03480000048875809,0.0066999997943639755,0.0026000000070780516,0.0052999998442828655,0.4941999912261963
84.95206451416016,0.42660000920295715,0.02979999966919422,0.03440000116825104,0.006800000090152025,0.0024999999441206455,0.005400000140070915,0.4945000112056732
85.03543090820312,0.42640000581741333,0.029999999329447746,0.033900000154972076,0.0066999997943639755,0.0024999999441206455,0.005400000140070915,0.4950999915599823
85.1187973022461,0.4262000024318695,0.03020000085234642,0.03359999880194664,0.006599999964237213,0.0026000000070780516,0.005400000140070915,0.49540001153945923
85.2021713256836,0.4262000024318695,0.03020000085234642,0.03269999846816063,0.006500000134110451,0.0024999999441206455,0.005499999970197678,0.49639999866485596
85.28553771972656,0.42559999227523804,0.03060000017285347,0.03180000185966492,0.006599999964237213,0.0024999999441206455,0.005499999970197678,0.4973999857902527
85.36890411376953,0.4251999855041504,0.030500000342726707,0.03180000185966492,0.006800000090152025,0.0024999999441206455,0.005499999970197678,0.4977000057697296
85.4522705078125,0.4244999885559082,0.03020000085234642,0.03220000118017197,0.006899999920278788,0.0024999999441206455,0.005499999970197678,0.498199999332428
85.53563690185547,0.4237000048160553,0.03099999949336052,0.03180000185966492,0.006800000090152025,0.002400000113993883,0.005499999970197678,0.49880000948905945
85.61901092529297,0.42340001463890076,0.03099999949336052,0.03150000050663948,0.006800000090152025,0.002400000113993883,0.005499999970197678,0.49939998984336853
85.70237731933594,0.42320001125335693,0.030500000342726707,0.03189999982714653,0.006800000090152025,0.002400000113993883,0.005499999970197678,0.49970000982284546
85.7857437133789,0.4228000044822693,0.030700000002980232,0.03180000185966492,0.006800000090152025,0.002400000113993883,0.005499999970197678,0.5
85.86911010742188,0.42239999771118164,0.031099999323487282,0.031300000846385956,0.006800000090152025,0.002400000113993883,0.005499999970197678,0.5005000233650208
85.95247650146484,0.4223000109195709,0.031199999153614044,0.030700000002980232,0.006800000090152025,0.002400000113993883,0.005499999970197678,0.5011000037193298
86.03585052490234,0.4221000075340271,0.03009999915957451,0.031599998474121094,0.006899999920278788,0.002400000113993883,0.005499999970197678,0.5013999938964844
86.11921691894531,0.4219000041484833,0.029500000178813934,0.031700000166893005,0.0071000000461936,0.002400000113993883,0.005499999970197678,0.5019000172615051
86.20258331298828,0.42170000076293945,0.02969999983906746,0.030899999663233757,0.007300000172108412,0.002400000113993883,0.005499999970197678,0.5024999976158142
86.28595733642578,0.4214000105857849,0.02889999933540821,0.03139999881386757,0.007400000002235174,0.002300000051036477,0.00559999980032444,0.503000020980835
86.36931610107422,0.421099990606308,0.028999999165534973,0.031099999323487282,0.007400000002235174,0.002300000051036477,0.00559999980032444,0.5034999847412109
86.45269012451172,0.4207000136375427,0.02810000069439411,0.03200000151991844,0.0071000000461936,0.0024999999441206455,0.00559999980032444,0.5040000081062317
86.53605651855469,0.4203000068664551,0.028300000354647636,0.031300000846385956,0.0066999997943639755,0.0026000000070780516,0.00559999980032444,0.5052000284194946
86.61942291259766,0.4198000133037567,0.027799999341368675,0.03200000151991844,0.006899999920278788,0.0026000000070780516,0.00559999980032444,0.505299985408783
86.70279693603516,0.4196999967098236,0.027300000190734863,0.03189999982714653,0.007000000216066837,0.0026000000070780516,0.00559999980032444,0.5059000253677368
86.78616333007812,0.41929998993873596,0.027699999511241913,0.031199999153614044,0.007199999876320362,0.0026000000070780516,0.00559999980032444,0.5063999891281128
86.8695297241211,0.41920000314712524,0.027799999341368675,0.03060000017285347,0.007300000172108412,0.0026000000070780516,0.00559999980032444,0.5069000124931335
86.95289611816406,0.4189000129699707,0.027899999171495438,0.02969999983906746,0.007400000002235174,0.0026000000070780516,0.00559999980032444,0.5078999996185303
87.03626251220703,0.4187000095844269,0.02810000069439411,0.02930000051856041,0.007199999876320362,0.0026000000070780516,0.00559999980032444,0.5084999799728394
87.11963653564453,0.4185999929904938,0.028200000524520874,0.028999999165534973,0.006899999920278788,0.00279999990016222,0.00559999980032444,0.508899986743927
87.2030029296875,0.41830000281333923,0.02850000001490116,0.02879999950528145,0.006800000090152025,0.0027000000700354576,0.00559999980032444,0.5092999935150146
87.28636932373047,0.41780000925064087,0.028599999845027924,0.02850000001490116,0.0066999997943639755,0.0027000000700354576,0.00559999980032444,0.5101000070571899
87.36974334716797,0.41749998927116394,0.02889999933540821,0.028200000524520874,0.006800000090152025,0.0027000000700354576,0.00559999980032444,0.5102999806404114
87.4531021118164,0.4171000123023987,0.02930000051856041,0.028200000524520874,0.006800000090152025,0.0026000000070780516,0.00570000009611249,0.5102999806404114
87.53646850585938,0.4169999957084656,0.029400000348687172,0.02800000086426735,0.006800000090152025,0.002400000113993883,0.00570000009611249,0.510699987411499
87.61984252929688,0.41609999537467957,0.029999999329447746,0.02810000069439411,0.0066999997943639755,0.002400000113993883,0.00570000009611249,0.5109999775886536
87.70320892333984,0.41609999537467957,0.029500000178813934,0.0284000001847744,0.0066999997943639755,0.002400000113993883,0.00570000009611249,0.5112000107765198
87.78657531738281,0.41589999198913574,0.029200000688433647,0.02889999933540821,0.006599999964237213,0.002300000051036477,0.005799999926239252,0.5113000273704529
87.86994934082031,0.4156000018119812,0.0284000001847744,0.029400000348687172,0.006800000090152025,0.002300000051036477,0.005799999926239252,0.5116999745368958
87.95330810546875,0.41530001163482666,0.028699999675154686,0.02889999933540821,0.0066999997943639755,0.002400000113993883,0.005799999926239252,0.5121999979019165
88.03668212890625,0.41510000824928284,0.0284000001847744,0.029100000858306885,0.006500000134110451,0.0026000000070780516,0.005799999926239252,0.512499988079071
88.12004852294922,0.41449999809265137,0.028999999165534973,0.02850000001490116,0.006300000008195639,0.0026000000070780516,0.005799999926239252,0.5133000016212463
88.20341491699219,0.41440001130104065,0.028699999675154686,0.02850000001490116,0.006099999882280827,0.0027000000700354576,0.005799999926239252,0.5138000249862671
88.28678894042969,0.4138999879360199,0.0284000001847744,0.02879999950528145,0.006099999882280827,0.0026000000070780516,0.005900000222027302,0.5142999887466431
88.37015533447266,0.4133000075817108,0.028599999845027924,0.028999999165534973,0.005900000222027302,0.0027000000700354576,0.005900000222027302,0.5145999789237976
88.45352172851562,0.41269999742507935,0.029200000688433647,0.02850000001490116,0.005900000222027302,0.0027000000700354576,0.005900000222027302,0.5151000022888184
88.5368881225586,0.41190001368522644,0.02969999983906746,0.028699999675154686,0.005799999926239252,0.0026000000070780516,0.005900000222027302,0.5153999924659729
88.62025451660156,0.4115999937057495,0.029999999329447746,0.028200000524520874,0.00570000009611249,0.0027000000700354576,0.005900000222027302,0.5159000158309937
88.70362854003906,0.4115000069141388,0.029999999329447746,0.027699999511241913,0.005799999926239252,0.0027000000700354576,0.005900000222027302,0.5163999795913696
88.78699493408203,0.4115000069141388,0.029999999329447746,0.027499999850988388,0.005799999926239252,0.0027000000700354576,0.005900000222027302,0.5166000127792358
88.870361328125,0.41119998693466187,0.029200000688433647,0.027899999171495438,0.00570000009611249,0.00279999990016222,0.005900000222027302,0.517300009727478
88.9537353515625,0.41110000014305115,0.028300000354647636,0.028300000354647636,0.005499999970197678,0.003000000026077032,0.005900000222027302,0.5178999900817871
89.03709411621094,0.4104999899864197,0.02889999933540821,0.027499999850988388,0.00559999980032444,0.003000000026077032,0.005900000222027302,0.5185999870300293
89.12046813964844,0.41029998660087585,0.028200000524520874,0.027699999511241913,0.005499999970197678,0.0032999999821186066,0.005900000222027302,0.51910001039505
89.2038345336914,0.4101000130176544,0.0284000001847744,0.0272000003606081,0.005499999970197678,0.0034000000450760126,0.005900000222027302,0.5195000171661377
89.28720092773438,0.4097000062465668,0.028300000354647636,0.0272000003606081,0.00559999980032444,0.0034000000450760126,0.005900000222027302,0.5199000239372253
89.37057495117188,0.4090999960899353,0.02889999933540821,0.027000000700354576,0.005400000140070915,0.0035000001080334187,0.005900000222027302,0.5202000141143799
89.45394134521484,0.40880000591278076,0.029200000688433647,0.026499999687075615,0.005400000140070915,0.0035000001080334187,0.005900000222027302,0.5206999778747559
89.53730773925781,0.4081000089645386,0.02930000051856041,0.026799999177455902,0.0052999998442828655,0.0035000001080334187,0.005900000222027302,0.5210999846458435
89.62067413330078,0.40779998898506165,0.027799999341368675,0.028300000354647636,0.005200000014156103,0.003599999938160181,0.005900000222027302,0.521399974822998
89.70404052734375,0.4072999954223633,0.02759999968111515,0.02850000001490116,0.005400000140070915,0.003599999938160181,0.005900000222027302,0.5217000246047974
89.78741455078125,0.40700000524520874,0.027899999171495438,0.02810000069439411,0.0052999998442828655,0.003700000001117587,0.005900000222027302,0.5220999717712402
89.87078094482422,0.4066999852657318,0.027000000700354576,0.02889999933540821,0.0052999998442828655,0.0035000001080334187,0.005900000222027302,0.5227000117301941
89.95414733886719,0.40630000829696655,0.027400000020861626,0.028599999845027924,0.0052999998442828655,0.0035000001080334187,0.005900000222027302,0.5230000019073486
90.03751373291016,0.4058000147342682,0.026000000536441803,0.030300000682473183,0.0052999998442828655,0.0035000001080334187,0.005900000222027302,0.5231999754905701
90.12088012695312,0.4052000045776367,0.025699999183416367,0.030899999663233757,0.005200000014156103,0.0034000000450760126,0.005900000222027302,0.5236999988555908
90.20425415039062,0.4049000144004822,0.026000000536441803,0.030500000342726707,0.005200000014156103,0.0034000000450760126,0.005900000222027302,0.5241000056266785
90.2876205444336,0.4047999978065491,0.02590000070631504,0.03009999915957451,0.005200000014156103,0.0034000000450760126,0.005900000222027302,0.5246999859809875
90.37098693847656,0.40369999408721924,0.027000000700354576,0.02969999983906746,0.005200000014156103,0.0034000000450760126,0.005900000222027302,0.5250999927520752
90.45436096191406,0.4034000039100647,0.026599999517202377,0.03009999915957451,0.005200000014156103,0.0034000000450760126,0.005900000222027302,0.5253999829292297
90.53772735595703,0.4034000039100647,0.026499999687075615,0.02979999966919422,0.005200000014156103,0.0032999999821186066,0.005900000222027302,0.5259000062942505
90.62109375,0.40310001373291016,0.026499999687075615,0.02969999983906746,0.005100000184029341,0.0032999999821186066,0.005900000222027302,0.5264000296592712
90.70446014404297,0.40290001034736633,0.025699999183416367,0.030500000342726707,0.005200000014156103,0.0032999999821186066,0.005900000222027302,0.5264999866485596
90.78782653808594,0.4025999903678894,0.024800000712275505,0.03150000050663948,0.005200000014156103,0.0032999999821186066,0.005900000222027302,0.5267000198364258
90.87120056152344,0.4023999869823456,0.023800000548362732,0.032499998807907104,0.005200000014156103,0.0032999999821186066,0.005900000222027302,0.5268999934196472
90.9545669555664,0.40209999680519104,0.02410000003874302,0.03229999914765358,0.005200000014156103,0.0032999999821186066,0.005900000222027302,0.5271000266075134
91.03793334960938,0.40149998664855957,0.024700000882148743,0.03180000185966492,0.005200000014156103,0.0032999999821186066,0.005900000222027302,0.5275999903678894
91.12129974365234,0.4009999930858612,0.02419999986886978,0.032600000500679016,0.005200000014156103,0.0032999999821186066,0.005900000222027302,0.5278000235557556
91.20466613769531,0.4007999897003174,0.024399999529123306,0.03220000118017197,0.0052999998442828655,0.0032999999821186066,0.005900000222027302,0.5281000137329102
91.28803253173828,0.40049999952316284,0.024700000882148743,0.031700000166893005,0.005400000140070915,0.0031999999191612005,0.006000000052154064,0.5285000205039978
91.37140655517578,0.4002000093460083,0.02410000003874302,0.03180000185966492,0.005499999970197678,0.0031999999191612005,0.006000000052154064,0.52920001745224
91.45477294921875,0.3991999924182892,0.02500000037252903,0.031700000166893005,0.005499999970197678,0.0031999999191612005,0.006000000052154064,0.5293999910354614
91.53814697265625,0.3986999988555908,0.025499999523162842,0.030899999663233757,0.00559999980032444,0.003100000089034438,0.006000000052154064,0.5302000045776367
91.62150573730469,0.39809998869895935,0.02590000070631504,0.030500000342726707,0.005499999970197678,0.003100000089034438,0.006000000052154064,0.5309000015258789
91.70487213134766,0.3977999985218048,0.026200000196695328,0.03009999915957451,0.005499999970197678,0.0031999999191612005,0.006000000052154064,0.5311999917030334
91.78824615478516,0.39739999175071716,0.026599999517202377,0.02979999966919422,0.005499999970197678,0.0031999999191612005,0.006000000052154064,0.531499981880188
91.87161254882812,0.3970000147819519,0.02669999934732914,0.029899999499320984,0.005499999970197678,0.003100000089034438,0.006099999882280827,0.5317000150680542
91.9549789428711,0.396699994802475,0.026200000196695328,0.030500000342726707,0.005400000140070915,0.003000000026077032,0.006200000178068876,0.5320000052452087
92.0383529663086,0.39640000462532043,0.026499999687075615,0.03020000085234642,0.005499999970197678,0.003000000026077032,0.006200000178068876,0.5321999788284302
92.12171936035156,0.3962000012397766,0.02669999934732914,0.02979999966919422,0.00559999980032444,0.003000000026077032,0.006200000178068876,0.5325000286102295
92.20508575439453,0.3959999978542328,0.026900000870227814,0.029100000858306885,0.006000000052154064,0.003000000026077032,0.006200000178068876,0.532800018787384
92.2884521484375,0.39570000767707825,0.026599999517202377,0.029400000348687172,0.00559999980032444,0.003000000026077032,0.006200000178068876,0.5335000157356262
92.37181854248047,0.3953999876976013,0.026900000870227814,0.02889999933540821,0.005499999970197678,0.003000000026077032,0.006200000178068876,0.5340999960899353
92.45519256591797,0.3950999975204468,0.026200000196695328,0.029600000008940697,0.005400000140070915,0.003100000089034438,0.006200000178068876,0.5343999862670898
92.53855895996094,0.3946000039577484,0.025599999353289604,0.030400000512599945,0.005499999970197678,0.003100000089034438,0.006200000178068876,0.534600019454956
92.6219253540039,0.3944000005722046,0.025200000032782555,0.030799999833106995,0.005499999970197678,0.003100000089034438,0.006200000178068876,0.5347999930381775
92.70529174804688,0.3939000070095062,0.025100000202655792,0.031199999153614044,0.005400000140070915,0.003100000089034438,0.006200000178068876,0.535099983215332
92.78865814208984,0.3937000036239624,0.02500000037252903,0.031099999323487282,0.005200000014156103,0.003000000026077032,0.006200000178068876,0.5357999801635742
92.87203216552734,0.39320001006126404,0.024800000712275505,0.031700000166893005,0.005100000184029341,0.003000000026077032,0.006200000178068876,0.5360000133514404
92.95539855957031,0.3928000032901764,0.025200000032782555,0.031300000846385956,0.004999999888241291,0.002899999963119626,0.006200000178068876,0.5365999937057495
93.03876495361328,0.39259999990463257,0.02539999969303608,0.031099999323487282,0.004999999888241291,0.002899999963119626,0.006200000178068876,0.5368000268936157
93.12213897705078,0.392300009727478,0.024800000712275505,0.031300000846385956,0.004999999888241291,0.002899999963119626,0.006200000178068876,0.5375000238418579
93.20549774169922,0.3919000029563904,0.024900000542402267,0.031199999153614044,0.004900000058114529,0.00279999990016222,0.006300000008195639,0.5379999876022339
93.28887176513672,0.391400009393692,0.02539999969303608,0.030799999833106995,0.005100000184029341,0.0027000000700354576,0.006300000008195639,0.5382999777793884
93.37223815917969,0.3903000056743622,0.026499999687075615,0.030500000342726707,0.005100000184029341,0.0027000000700354576,0.006300000008195639,0.5386000275611877
93.45560455322266,0.39010000228881836,0.02669999934732914,0.030400000512599945,0.005100000184029341,0.0027000000700354576,0.006300000008195639,0.5386999845504761
93.53897857666016,0.3896999955177307,0.02630000002682209,0.030899999663233757,0.004999999888241291,0.0026000000070780516,0.006399999838322401,0.5390999913215637
93.62234497070312,0.38960000872612,0.026399999856948853,0.030400000512599945,0.005100000184029341,0.0024999999441206455,0.006399999838322401,0.5396000146865845
93.7057113647461,0.38929998874664307,0.02669999934732914,0.03020000085234642,0.005100000184029341,0.0024999999441206455,0.006399999838322401,0.5397999882698059
93.78907775878906,0.38929998874664307,0.02669999934732914,0.029600000008940697,0.004999999888241291,0.0024999999441206455,0.006399999838322401,0.5404999852180481
93.87244415283203,0.38920000195503235,0.02590000070631504,0.03020000085234642,0.004900000058114529,0.0024999999441206455,0.006500000134110451,0.5407999753952026
93.95581817626953,0.3887999951839447,0.025299999862909317,0.030799999833106995,0.004999999888241291,0.0024999999441206455,0.006500000134110451,0.541100025177002
94.0391845703125,0.38850000500679016,0.02449999935925007,0.031700000166893005,0.004999999888241291,0.0024999999441206455,0.006500000134110451,0.5412999987602234
94.12255096435547,0.3880999982357025,0.02410000003874302,0.03240000084042549,0.004999999888241291,0.0024999999441206455,0.006500000134110451,0.5414000153541565
94.20592498779297,0.38769999146461487,0.02449999935925007,0.03240000084042549,0.004900000058114529,0.0024999999441206455,0.006500000134110451,0.5414999723434448
94.2892837524414,0.38760000467300415,0.02370000071823597,0.032999999821186066,0.004900000058114529,0.0026000000070780516,0.006500000134110451,0.541700005531311
94.37265014648438,0.3869999945163727,0.024299999698996544,0.032600000500679016,0.004999999888241291,0.0026000000070780516,0.006500000134110451,0.5419999957084656
94.45602416992188,0.3862999975681305,0.02500000037252903,0.03200000151991844,0.004999999888241291,0.0024999999441206455,0.006599999964237213,0.5425999760627747
94.53939056396484,0.38580000400543213,0.02370000071823597,0.03359999880194664,0.004999999888241291,0.002400000113993883,0.006599999964237213,0.542900025844574
94.62276458740234,0.3849000036716461,0.02459999918937683,0.03350000083446503,0.004900000058114529,0.002400000113993883,0.006599999964237213,0.5430999994277954
94.70613098144531,0.38449999690055847,0.024399999529123306,0.033900000154972076,0.004900000058114529,0.002400000113993883,0.006599999964237213,0.5432999730110168
94.78948974609375,0.38420000672340393,0.024700000882148743,0.03290000185370445,0.005100000184029341,0.0024999999441206455,0.006599999964237213,0.5440000295639038
94.87286376953125,0.3840999901294708,0.02459999918937683,0.032600000500679016,0.005200000014156103,0.0024999999441206455,0.006599999964237213,0.5443999767303467
94.95623016357422,0.3840000033378601,0.023499999195337296,0.03370000049471855,0.005200000014156103,0.0024999999441206455,0.006599999964237213,0.5444999933242798
95.03959655761719,0.38359999656677246,0.02329999953508377,0.033799998462200165,0.005200000014156103,0.0024999999441206455,0.006599999964237213,0.5450000166893005
95.12297058105469,0.382999986410141,0.02329999953508377,0.03370000049471855,0.00559999980032444,0.002400000113993883,0.0066999997943639755,0.5453000068664551
95.20633697509766,0.3828999996185303,0.022299999371170998,0.034299999475479126,0.00570000009611249,0.002400000113993883,0.0066999997943639755,0.5457000136375427
95.28970336914062,0.3824000060558319,0.022199999541044235,0.03460000082850456,0.00559999980032444,0.002300000051036477,0.006800000090152025,0.5461000204086304
95.3730697631836,0.38199999928474426,0.022600000724196434,0.0340999998152256,0.00570000009611249,0.002300000051036477,0.006800000090152025,0.546500027179718
95.45643615722656,0.3815000057220459,0.02280000038444996,0.03400000184774399,0.005900000222027302,0.002300000051036477,0.006800000090152025,0.5467000007629395
95.53981018066406,0.38100001215934753,0.023099999874830246,0.03350000083446503,0.005900000222027302,0.002199999988079071,0.006899999920278788,0.5473999977111816
95.62317657470703,0.3808000087738037,0.02329999953508377,0.03310000151395798,0.005900000222027302,0.002199999988079071,0.006899999920278788,0.5478000044822693
95.70654296875,0.3806999921798706,0.02239999920129776,0.03359999880194664,0.005799999926239252,0.002199999988079071,0.006899999920278788,0.5483999848365784
95.7899169921875,0.38040000200271606,0.022700000554323196,0.03280000016093254,0.005799999926239252,0.002300000051036477,0.006899999920278788,0.5490999817848206
95.87327575683594,0.38029998540878296,0.02250000089406967,0.03269999846816063,0.005799999926239252,0.002300000051036477,0.006899999920278788,0.5494999885559082
95.95664978027344,0.3799999952316284,0.02280000038444996,0.03180000185966492,0.00559999980032444,0.002400000113993883,0.006899999920278788,0.5504999756813049
96.0400161743164,0.3799000084400177,0.02290000021457672,0.031300000846385956,0.00559999980032444,0.002400000113993883,0.006899999920278788,0.5509999990463257
96.12338256835938,0.37929999828338623,0.023000000044703484,0.031700000166893005,0.005499999970197678,0.002400000113993883,0.006899999920278788,0.5511999726295471
96.20675659179688,0.3792000114917755,0.02250000089406967,0.03180000185966492,0.00559999980032444,0.002300000051036477,0.006899999920278788,0.5516999959945679
96.29012298583984,0.3790000081062317,0.021400000900030136,0.03280000016093254,0.005499999970197678,0.002300000051036477,0.006899999920278788,0.5521000027656555
96.37348937988281,0.37860000133514404,0.021800000220537186,0.032600000500679016,0.005499999970197678,0.002199999988079071,0.006899999920278788,0.5523999929428101
96.45685577392578,0.3779999911785126,0.02199999988079071,0.032600000500679016,0.005499999970197678,0.002199999988079071,0.006899999920278788,0.5527999997138977
96.54022216796875,0.37779998779296875,0.020999999716877937,0.033399999141693115,0.005400000140070915,0.002199999988079071,0.006899999920278788,0.5533000230789185
96.62359619140625,0.37700000405311584,0.0215000007301569,0.03319999948143959,0.0052999998442828655,0.002099999925121665,0.006899999920278788,0.5540000200271606
96.70696258544922,0.37689998745918274,0.020899999886751175,0.03359999880194664,0.005499999970197678,0.0020000000949949026,0.007000000216066837,0.554099977016449
96.79032897949219,0.3765000104904175,0.021299999207258224,0.0333000011742115,0.00570000009611249,0.0019000000320374966,0.007000000216066837,0.5543000102043152
96.87369537353516,0.3763999938964844,0.0210999995470047,0.032999999821186066,0.005900000222027302,0.0019000000320374966,0.007000000216066837,0.5547000169754028
96.95706176757812,0.3758000135421753,0.021700000390410423,0.032600000500679016,0.005900000222027302,0.0019000000320374966,0.007000000216066837,0.5551000237464905
97.04043579101562,0.3749000132083893,0.0215000007301569,0.033399999141693115,0.005799999926239252,0.0019000000320374966,0.007000000216066837,0.5554999709129333
97.1238021850586,0.37459999322891235,0.020899999886751175,0.0340999998152256,0.00570000009611249,0.0019000000320374966,0.007000000216066837,0.5558000206947327
97.20716857910156,0.3743000030517578,0.021199999377131462,0.033799998462200165,0.005900000222027302,0.0019000000320374966,0.007000000216066837,0.555899977684021
97.29054260253906,0.374099999666214,0.021400000900030136,0.03350000083446503,0.00570000009611249,0.0019000000320374966,0.007000000216066837,0.5564000010490417
97.37390899658203,0.37389999628067017,0.02160000056028366,0.0333000011742115,0.005799999926239252,0.0019000000320374966,0.007000000216066837,0.5565000176429749
97.457275390625,0.3734000027179718,0.022099999710917473,0.03269999846816063,0.005900000222027302,0.0017999999690800905,0.0071000000461936,0.5569999814033508
97.54064178466797,0.37290000915527344,0.022600000724196434,0.03200000151991844,0.006099999882280827,0.0017999999690800905,0.0071000000461936,0.5575000047683716
97.62400817871094,0.3727000057697296,0.02239999920129776,0.03189999982714653,0.006000000052154064,0.0017999999690800905,0.0071000000461936,0.5580999851226807
97.70738220214844,0.3725999891757965,0.02250000089406967,0.031599998474121094,0.006000000052154064,0.0017999999690800905,0.0071000000461936,0.5583999752998352
97.7907485961914,0.37229999899864197,0.02239999920129776,0.03139999881386757,0.006000000052154064,0.0017000000225380063,0.007199999876320362,0.5590000152587891
97.87411499023438,0.37220001220703125,0.02250000089406967,0.031099999323487282,0.005900000222027302,0.0017000000225380063,0.007199999876320362,0.5594000220298767
97.95748138427734,0.37209999561309814,0.022299999371170998,0.03060000017285347,0.006000000052154064,0.0017000000225380063,0.007300000172108412,0.5600000023841858
98.04084777832031,0.3718999922275543,0.02199999988079071,0.030700000002980232,0.005900000222027302,0.0017999999690800905,0.007300000172108412,0.5604000091552734
98.12422180175781,0.3716999888420105,0.021900000050663948,0.030500000342726707,0.006099999882280827,0.0017000000225380063,0.007400000002235174,0.560699999332428
98.20758819580078,0.37139999866485596,0.022199999541044235,0.030300000682473183,0.006000000052154064,0.0017000000225380063,0.007400000002235174,0.5609999895095825
98.29095458984375,0.3709000051021576,0.021199999377131462,0.031099999323487282,0.006099999882280827,0.0017000000225380063,0.007400000002235174,0.5616000294685364
98.37432861328125,0.37049999833106995,0.02160000056028366,0.030799999833106995,0.005900000222027302,0.0017000000225380063,0.007400000002235174,0.5620999932289124
98.45768737792969,0.3700000047683716,0.0210999995470047,0.03150000050663948,0.005799999926239252,0.0017000000225380063,0.007400000002235174,0.5625
98.54105377197266,0.36959999799728394,0.0215000007301569,0.031199999153614044,0.005400000140070915,0.0017000000225380063,0.007400000002235174,0.5631999969482422
98.62442779541016,0.36880001425743103,0.022299999371170998,0.030899999663233757,0.0052999998442828655,0.0017999999690800905,0.007400000002235174,0.5634999871253967
98.70779418945312,0.3682999908924103,0.022600000724196434,0.030700000002980232,0.005400000140070915,0.0017999999690800905,0.007400000002235174,0.5637999773025513
98.7911605834961,0.3677999973297119,0.022700000554323196,0.030799999833106995,0.005400000140070915,0.0017999999690800905,0.007400000002235174,0.5641000270843506
98.8745346069336,0.3675999939441681,0.022299999371170998,0.030799999833106995,0.005400000140070915,0.0017999999690800905,0.007400000002235174,0.5647000074386597
98.95789337158203,0.3675000071525574,0.020899999886751175,0.03200000151991844,0.00559999980032444,0.0017000000225380063,0.007400000002235174,0.5648999810218811
99.04126739501953,0.36739999055862427,0.020800000056624413,0.03189999982714653,0.00559999980032444,0.0017000000225380063,0.007400000002235174,0.5651999711990356
99.1246337890625,0.36719998717308044,0.02070000022649765,0.031599998474121094,0.005400000140070915,0.0017000000225380063,0.007400000002235174,0.5659999847412109
99.20800018310547,0.36719998717308044,0.020500000566244125,0.03139999881386757,0.00559999980032444,0.0017000000225380063,0.007400000002235174,0.5662000179290771
99.29137420654297,0.3668999969959259,0.0203000009059906,0.031300000846385956,0.005499999970197678,0.0017000000225380063,0.007400000002235174,0.5669000148773193
99.37474060058594,0.36649999022483826,0.02070000022649765,0.030799999833106995,0.005400000140070915,0.0017000000225380063,0.007400000002235174,0.5674999952316284
99.4581069946289,0.36629998683929443,0.019500000402331352,0.031300000846385956,0.005499999970197678,0.0017000000225380063,0.007400000002235174,0.5683000087738037
99.54147338867188,0.36579999327659607,0.019999999552965164,0.030799999833106995,0.00559999980032444,0.0017000000225380063,0.007400000002235174,0.5687000155448914
99.62483978271484,0.3653999865055084,0.020400000736117363,0.030400000512599945,0.00559999980032444,0.0017000000225380063,0.007400000002235174,0.569100022315979
99.70821380615234,0.36500000953674316,0.020600000396370888,0.030300000682473183,0.00559999980032444,0.0017000000225380063,0.007400000002235174,0.5694000124931335
99.79158020019531,0.36469998955726624,0.02070000022649765,0.03009999915957451,0.00559999980032444,0.0015999999595806003,0.007400000002235174,0.5698999762535095
99.87494659423828,0.3644999861717224,0.020899999886751175,0.029600000008940697,0.005499999970197678,0.001500000013038516,0.007499999832361937,0.5705000162124634
99.95832061767578,0.36410000920295715,0.021299999207258224,0.029500000178813934,0.005400000140070915,0.0015999999595806003,0.007499999832361937,0.5705999732017517
100.04168701171875,0.3637000024318695,0.0210999995470047,0.029400000348687172,0.005400000140070915,0.0015999999595806003,0.007499999832361937,0.5713000297546387
100.12505340576172,0.36329999566078186,0.0215000007301569,0.02930000051856041,0.005400000140070915,0.0015999999595806003,0.007499999832361937,0.571399986743927
100.20842742919922,0.36320000886917114,0.02160000056028366,0.02850000001490116,0.005499999970197678,0.0017000000225380063,0.007499999832361937,0.5720000267028809
100.29178619384766,0.3626999855041504,0.021800000220537186,0.0284000001847744,0.005499999970197678,0.0017000000225380063,0.007499999832361937,0.5723999738693237
100.37515258789062,0.36230000853538513,0.022199999541044235,0.027499999850988388,0.00570000009611249,0.0017000000225380063,0.007499999832361937,0.5730999708175659
100.45852661132812,0.3619000017642975,0.02199999988079071,0.02759999968111515,0.00559999980032444,0.0015999999595806003,0.007600000128149986,0.5737000107765198
100.5418930053711,0.3614000082015991,0.0210999995470047,0.02850000001490116,0.00570000009611249,0.0015999999595806003,0.007600000128149986,0.5741000175476074
100.6252670288086,0.3610999882221222,0.021400000900030136,0.027799999341368675,0.005799999926239252,0.001500000013038516,0.007699999958276749,0.5746999979019165
100.70862579345703,0.36059999465942383,0.021299999207258224,0.02800000086426735,0.005799999926239252,0.001500000013038516,0.007699999958276749,0.5751000046730042
100.7919921875,0.3603000044822693,0.0215000007301569,0.027499999850988388,0.005799999926239252,0.0015999999595806003,0.007699999958276749,0.5756000280380249
100.8753662109375,0.3603000044822693,0.020600000396370888,0.02800000086426735,0.005900000222027302,0.0015999999595806003,0.007699999958276749,0.5759000182151794
100.95872497558594,0.36000001430511475,0.020500000566244125,0.027799999341368675,0.005900000222027302,0.0015999999595806003,0.007699999958276749,0.5764999985694885
101.04210662841797,0.3596000075340271,0.020099999383091927,0.028300000354647636,0.006000000052154064,0.0015999999595806003,0.007699999958276749,0.57669997215271
101.1254653930664,0.359499990940094,0.02019999921321869,0.027699999511241913,0.006000000052154064,0.0015999999595806003,0.007699999958276749,0.5773000121116638
101.2088394165039,0.359499990940094,0.02019999921321869,0.027300000190734863,0.006099999882280827,0.0015999999595806003,0.007699999958276749,0.5776000022888184
101.29220581054688,0.359499990940094,0.02019999921321869,0.027000000700354576,0.006000000052154064,0.0015999999595806003,0.007699999958276749,0.578000009059906
101.37556457519531,0.35920000076293945,0.020500000566244125,0.026499999687075615,0.005900000222027302,0.0015999999595806003,0.007699999958276749,0.5785999894142151
101.45894622802734,0.3587999939918518,0.02070000022649765,0.02630000002682209,0.006099999882280827,0.0015999999595806003,0.007699999958276749,0.5788000226020813
101.54230499267578,0.35839998722076416,0.020899999886751175,0.02630000002682209,0.006000000052154064,0.001500000013038516,0.007699999958276749,0.579200029373169
101.62567901611328,0.3578999936580658,0.0210999995470047,0.026200000196695328,0.006200000178068876,0.001500000013038516,0.007699999958276749,0.5794000029563904
101.70904541015625,0.3578000068664551,0.0203000009059906,0.026900000870227814,0.006200000178068876,0.001500000013038516,0.007699999958276749,0.5795999765396118
101.79241943359375,0.35740000009536743,0.02070000022649765,0.026599999517202377,0.006099999882280827,0.001500000013038516,0.007699999958276749,0.5799999833106995
101.87577819824219,0.3571000099182129,0.019999999552965164,0.027000000700354576,0.006200000178068876,0.0013000000035390258,0.007699999958276749,0.5806999802589417
101.95914459228516,0.35670000314712524,0.020400000736117363,0.02669999934732914,0.006000000052154064,0.00139999995008111,0.007699999958276749,0.5810999870300293
102.04251861572266,0.35659998655319214,0.020099999383091927,0.026799999177455902,0.005900000222027302,0.00139999995008111,0.007699999958276749,0.5814999938011169
102.12588500976562,0.3564999997615814,0.01979999989271164,0.026799999177455902,0.006000000052154064,0.00139999995008111,0.007699999958276749,0.5817999839782715
102.20925903320312,0.3560999929904938,0.019899999722838402,0.02630000002682209,0.006099999882280827,0.00139999995008111,0.007699999958276749,0.5824999809265137
102.29261779785156,0.35569998621940613,0.019899999722838402,0.026499999687075615,0.005900000222027302,0.0015999999595806003,0.007699999958276749,0.5827000141143799
102.37598419189453,0.35499998927116394,0.020600000396370888,0.026000000536441803,0.006099999882280827,0.0015999999595806003,0.007699999958276749,0.5830000042915344
102.45935821533203,0.3547999858856201,0.020800000056624413,0.025800000876188278,0.006099999882280827,0.0015999999595806003,0.007699999958276749,0.5831999778747559
102.542724609375,0.3546000123023987,0.020600000396370888,0.02590000070631504,0.006000000052154064,0.0015999999595806003,0.007699999958276749,0.5835999846458435
102.6260986328125,0.3540000021457672,0.0203000009059906,0.026100000366568565,0.006200000178068876,0.0015999999595806003,0.007699999958276749,0.5841000080108643
102.70945739746094,0.35350000858306885,0.020800000056624413,0.02590000070631504,0.006099999882280827,0.0015999999595806003,0.007699999958276749,0.5843999981880188
102.79283142089844,0.3531999886035919,0.0210999995470047,0.025599999353289604,0.006099999882280827,0.0017000000225380063,0.007699999958276749,0.5845999717712402
102.8761978149414,0.35269999504089355,0.02160000056028366,0.025200000032782555,0.006099999882280827,0.0017000000225380063,0.007799999788403511,0.5849000215530396
102.95956420898438,0.35269999504089355,0.0210999995470047,0.025499999523162842,0.006099999882280827,0.0017000000225380063,0.007799999788403511,0.585099995136261
103.04293823242188,0.35260000824928284,0.020800000056624413,0.025499999523162842,0.006099999882280827,0.0017000000225380063,0.007899999618530273,0.5853999853134155
103.12629699707031,0.3522000014781952,0.021199999377131462,0.025299999862909317,0.006000000052154064,0.0017000000225380063,0.007899999618530273,0.5856999754905701
103.20967102050781,0.3522000014781952,0.020600000396370888,0.025499999523162842,0.006000000052154064,0.0017000000225380063,0.007899999618530273,0.5860999822616577
103.29303741455078,0.35179999470710754,0.020999999716877937,0.02500000037252903,0.005900000222027302,0.0017000000225380063,0.007899999618530273,0.5867000222206116
103.37641143798828,0.3513999879360199,0.021400000900030136,0.024700000882148743,0.005900000222027302,0.0017000000225380063,0.007899999618530273,0.5870000123977661
103.45977783203125,0.3513000011444092,0.020899999886751175,0.024900000542402267,0.005799999926239252,0.0017999999690800905,0.007899999618530273,0.5874000191688538
103.54313659667969,0.35100001096725464,0.021199999377131462,0.024700000882148743,0.005799999926239252,0.0017999999690800905,0.007899999618530273,0.5875999927520752
103.62651062011719,0.3508000075817108,0.021199999377131462,0.02459999918937683,0.00570000009611249,0.0017999999690800905,0.007899999618530273,0.5879999995231628
103.70987701416016,0.3508000075817108,0.021199999377131462,0.024000000208616257,0.00559999980032444,0.0017999999690800905,0.007899999618530273,0.588699996471405
103.79325103759766,0.3508000075817108,0.020800000056624413,0.024000000208616257,0.00559999980032444,0.0017999999690800905,0.007899999618530273,0.5891000032424927
103.87661743164062,0.350600004196167,0.020999999716877937,0.023499999195337296,0.00559999980032444,0.0017999999690800905,0.007899999618530273,0.5896000266075134
103.95997619628906,0.35030001401901245,0.0203000009059906,0.02419999986886978,0.00570000009611249,0.0015999999595806003,0.007899999618530273,0.5899999737739563
104.04335021972656,0.35019999742507935,0.020400000736117363,0.024000000208616257,0.00570000009611249,0.0015999999595806003,0.007899999618530273,0.5902000069618225
104.12671661376953,0.35019999742507935,0.019999999552965164,0.023900000378489494,0.005900000222027302,0.0015999999595806003,0.007899999618530273,0.590499997138977
104.21009063720703,0.3497999906539917,0.019500000402331352,0.024299999698996544,0.006000000052154064,0.0015999999595806003,0.007899999618530273,0.5909000039100647
104.29345703125,0.3495999872684479,0.019600000232458115,0.02410000003874302,0.006000000052154064,0.0017000000225380063,0.007899999618530273,0.5910999774932861
104.3768310546875,0.34940001368522644,0.01940000057220459,0.024299999698996544,0.005799999926239252,0.0017999999690800905,0.007899999618530273,0.5914000272750854
104.46018981933594,0.3490999937057495,0.019700000062584877,0.023900000378489494,0.00570000009611249,0.0017999999690800905,0.007899999618530273,0.5918999910354614
104.5435562133789,0.3483999967575073,0.019300000742077827,0.02410000003874302,0.00559999980032444,0.0019000000320374966,0.007899999618530273,0.5928000211715698
104.6269302368164,0.34779998660087585,0.019899999722838402,0.023399999365210533,0.00559999980032444,0.0019000000320374966,0.007899999618530273,0.593500018119812
104.71029663085938,0.3476000130176544,0.020099999383091927,0.02280000038444996,0.00559999980032444,0.0019000000320374966,0.007899999618530273,0.5940999984741211
104.79367065429688,0.3474999964237213,0.01899999938905239,0.023900000378489494,0.005499999970197678,0.0019000000320374966,0.007899999618530273,0.5942999720573425
104.87702941894531,0.34700000286102295,0.019500000402331352,0.023399999365210533,0.005400000140070915,0.0019000000320374966,0.007899999618530273,0.5949000120162964
104.96040344238281,0.3467999994754791,0.019200000911951065,0.023900000378489494,0.005400000140070915,0.0019000000320374966,0.007899999618530273,0.5949000120162964
105.04376983642578,0.3463999927043915,0.019600000232458115,0.02329999953508377,0.005499999970197678,0.0019000000320374966,0.007899999618530273,0.5953999757766724
105.12712860107422,0.34610000252723694,0.01940000057220459,0.02370000071823597,0.005499999970197678,0.0019000000320374966,0.007899999618530273,0.5954999923706055
105.21051025390625,0.3458999991416931,0.019099999219179153,0.023900000378489494,0.0052999998442828655,0.0019000000320374966,0.007899999618530273,0.5960000157356262
105.29386901855469,0.3456999957561493,0.019200000911951065,0.02370000071823597,0.0052999998442828655,0.0019000000320374966,0.007899999618530273,0.5963000059127808
105.37724304199219,0.3449999988079071,0.01940000057220459,0.023800000548362732,0.005100000184029341,0.0019000000320374966,0.007899999618530273,0.5968999862670898
105.46060943603516,0.34470000863075256,0.019700000062584877,0.02370000071823597,0.004999999888241291,0.0020000000949949026,0.007899999618530273,0.597000002861023
105.5439682006836,0.3440000116825104,0.019099999219179153,0.024800000712275505,0.004900000058114529,0.0020000000949949026,0.007899999618530273,0.5972999930381775
105.62734985351562,0.34380000829696655,0.017899999395012856,0.026000000536441803,0.004800000227987766,0.002099999925121665,0.007899999618530273,0.5975000262260437
105.71070861816406,0.34310001134872437,0.018200000748038292,0.026100000366568565,0.004800000227987766,0.002099999925121665,0.007899999618530273,0.5978000164031982
105.79408264160156,0.34299999475479126,0.018300000578165054,0.025699999183416367,0.004800000227987766,0.002099999925121665,0.007899999618530273,0.5982000231742859
105.87744903564453,0.34299999475479126,0.017999999225139618,0.025699999183416367,0.004699999932199717,0.002099999925121665,0.007899999618530273,0.5985999703407288
105.96082305908203,0.3427000045776367,0.017999999225139618,0.025800000876188278,0.004699999932199717,0.0020000000949949026,0.007899999618530273,0.5989000201225281
106.04418182373047,0.3425000011920929,0.018200000748038292,0.025800000876188278,0.004600000102072954,0.0020000000949949026,0.007899999618530273,0.5989999771118164
106.12754821777344,0.3424000144004822,0.018300000578165054,0.02539999969303608,0.0044999998062849045,0.0020000000949949026,0.007899999618530273,0.5995000004768372
106.21092224121094,0.34200000762939453,0.018200000748038292,0.025699999183416367,0.0044999998062849045,0.0020000000949949026,0.007899999618530273,0.5996999740600586
106.2942886352539,0.3416999876499176,0.017500000074505806,0.02630000002682209,0.0044999998062849045,0.0020000000949949026,0.007899999618530273,0.6000999808311462
106.3776626586914,0.34139999747276306,0.017000000923871994,0.027000000700354576,0.0044999998062849045,0.0020000000949949026,0.007899999618530273,0.6001999974250793
106.46102142333984,0.34119999408721924,0.016699999570846558,0.027300000190734863,0.0044999998062849045,0.0020000000949949026,0.007899999618530273,0.6003999710083008
106.54440307617188,0.3409000039100647,0.01640000008046627,0.027699999511241913,0.0044999998062849045,0.0020000000949949026,0.007899999618530273,0.600600004196167
106.62776184082031,0.3402999937534332,0.016599999740719795,0.027799999341368675,0.004399999976158142,0.0020000000949949026,0.007899999618530273,0.6010000109672546
106.71112823486328,0.3400999903678894,0.015699999406933784,0.028699999675154686,0.00430000014603138,0.0020000000949949026,0.007899999618530273,0.6013000011444092
106.79450225830078,0.33959999680519104,0.016200000420212746,0.028200000524520874,0.004399999976158142,0.0020000000949949026,0.007899999618530273,0.6017000079154968
106.87786102294922,0.33959999680519104,0.01549999974668026,0.028699999675154686,0.0044999998062849045,0.0019000000320374966,0.007899999618530273,0.6018999814987183
106.96123504638672,0.3395000100135803,0.014700000174343586,0.02889999933540821,0.004699999932199717,0.0019000000320374966,0.007899999618530273,0.602400004863739
107.04460144042969,0.3391999900341034,0.014000000432133675,0.02979999966919422,0.004800000227987766,0.0019000000320374966,0.007899999618530273,0.602400004863739
107.12796783447266,0.33889999985694885,0.014299999922513962,0.02930000051856041,0.005100000184029341,0.0019000000320374966,0.007899999618530273,0.6025999784469604
107.21134185791016,0.3386000096797943,0.014600000344216824,0.028699999675154686,0.005400000140070915,0.0019000000320374966,0.007899999618530273,0.6029000282287598
107.2947006225586,0.3382999897003174,0.01489999983459711,0.028699999675154686,0.005200000014156103,0.002099999925121665,0.007899999618530273,0.6029000282287598
107.3780746459961,0.33809998631477356,0.01510000042617321,0.028599999845027924,0.005200000014156103,0.002099999925121665,0.007899999618530273,0.6029999852180481
107.46144104003906,0.33809998631477356,0.014800000004470348,0.028599999845027924,0.005100000184029341,0.002199999988079071,0.007899999618530273,0.6032999753952026
107.54481506347656,0.3377000093460083,0.014800000004470348,0.02850000001490116,0.004900000058114529,0.002300000051036477,0.007899999618530273,0.6039000153541565
107.62818145751953,0.3375000059604645,0.014999999664723873,0.02810000069439411,0.004900000058114529,0.002300000051036477,0.007899999618530273,0.6043000221252441
107.71154022216797,0.33739998936653137,0.01489999983459711,0.027799999341368675,0.005100000184029341,0.002199999988079071,0.007899999618530273,0.6047000288963318
107.79491424560547,0.3370000123977661,0.015300000086426735,0.027400000020861626,0.0052999998442828655,0.002199999988079071,0.007899999618530273,0.6049000024795532
107.87828063964844,0.33660000562667847,0.015699999406933784,0.0272000003606081,0.005100000184029341,0.002300000051036477,0.007899999618530273,0.6051999926567078
107.96165466308594,0.3361000120639801,0.016200000420212746,0.02669999934732914,0.005100000184029341,0.002300000051036477,0.007899999618530273,0.6057000160217285
108.0450210571289,0.3357999920845032,0.016100000590085983,0.026799999177455902,0.004900000058114529,0.002400000113993883,0.007899999618530273,0.6061000227928162
108.1283950805664,0.33550000190734863,0.01640000008046627,0.026599999517202377,0.004699999932199717,0.0026000000070780516,0.007899999618530273,0.6062999963760376
108.21175384521484,0.3352999985218048,0.016300000250339508,0.02669999934732914,0.004699999932199717,0.0026000000070780516,0.007899999618530273,0.6065000295639038
108.29512023925781,0.3352000117301941,0.016200000420212746,0.026599999517202377,0.004699999932199717,0.0026000000070780516,0.007899999618530273,0.6068000197410583
108.37849426269531,0.33469998836517334,0.01640000008046627,0.02669999934732914,0.004800000227987766,0.0026000000070780516,0.007899999618530273,0.6068999767303467
108.46185302734375,0.3345000147819519,0.016599999740719795,0.026599999517202377,0.004699999932199717,0.0024999999441206455,0.00800000037997961,0.6071000099182129
108.54523468017578,0.3343000113964081,0.01640000008046627,0.026100000366568565,0.004699999932199717,0.0024999999441206455,0.00800000037997961,0.6079999804496765
108.62859344482422,0.334199994802475,0.016499999910593033,0.025699999183416367,0.004900000058114529,0.002400000113993883,0.008100000210106373,0.6082000136375427
108.71195983886719,0.33390000462532043,0.01679999940097332,0.025200000032782555,0.004999999888241291,0.002400000113993883,0.008100000210106373,0.6086000204086304
108.79533386230469,0.3337000012397766,0.017000000923871994,0.024900000542402267,0.004999999888241291,0.002400000113993883,0.008100000210106373,0.6089000105857849
108.87869262695312,0.3334999978542328,0.016499999910593033,0.02500000037252903,0.005100000184029341,0.0024999999441206455,0.008100000210106373,0.6093000173568726
108.96207427978516,0.33329999446868896,0.016699999570846558,0.024900000542402267,0.005100000184029341,0.002400000113993883,0.008200000040233135,0.6093999743461609
109.0454330444336,0.3330000042915344,0.016599999740719795,0.025100000202655792,0.004999999888241291,0.002400000113993883,0.008200000040233135,0.6097000241279602
109.1288070678711,0.3327000141143799,0.016899999231100082,0.024900000542402267,0.004800000227987766,0.0024999999441206455,0.008200000040233135,0.6100000143051147
109.21217346191406,0.33239999413490295,0.016699999570846558,0.025200000032782555,0.004800000227987766,0.0024999999441206455,0.008200000040233135,0.6101999878883362
109.2955322265625,0.33230000734329224,0.01679999940097332,0.02500000037252903,0.004800000227987766,0.0026000000070780516,0.008200000040233135,0.6103000044822693
109.37890625,0.33149999380111694,0.017400000244379044,0.02500000037252903,0.004800000227987766,0.0024999999441206455,0.008299999870359898,0.6104999780654907
109.46227264404297,0.33079999685287476,0.01759999990463257,0.02500000037252903,0.004699999932199717,0.0024999999441206455,0.008299999870359898,0.6111000180244446
109.54564666748047,0.33059999346733093,0.017799999564886093,0.024900000542402267,0.004600000102072954,0.0024999999441206455,0.008299999870359898,0.611299991607666
109.62901306152344,0.33009999990463257,0.018300000578165054,0.02449999935925007,0.004600000102072954,0.002400000113993883,0.00839999970048666,0.6116999983787537
109.71237182617188,0.33009999990463257,0.01759999990463257,0.024800000712275505,0.004699999932199717,0.002400000113993883,0.00839999970048666,0.6119999885559082
109.79574584960938,0.329800009727478,0.017899999395012856,0.024700000882148743,0.004699999932199717,0.002400000113993883,0.00839999970048666,0.6121000051498413
109.87911224365234,0.329800009727478,0.016499999910593033,0.02539999969303608,0.004800000227987766,0.002400000113993883,0.00839999970048666,0.6126999855041504
109.96248626708984,0.3296999931335449,0.01590000092983246,0.025699999183416367,0.004600000102072954,0.0026000000070780516,0.00839999970048666,0.613099992275238
110.04585266113281,0.3294999897480011,0.016100000590085983,0.025599999353289604,0.004600000102072954,0.0026000000070780516,0.00839999970048666,0.6132000088691711
110.12922668457031,0.3294000029563904,0.016200000420212746,0.025100000202655792,0.004600000102072954,0.0026000000070780516,0.00839999970048666,0.6136999726295471
110.21258544921875,0.3292999863624573,0.016200000420212746,0.024700000882148743,0.004699999932199717,0.0026000000070780516,0.00839999970048666,0.6140999794006348
110.29595184326172,0.3292999863624573,0.01600000075995922,0.02410000003874302,0.004600000102072954,0.0027000000700354576,0.00839999970048666,0.6148999929428101
110.37932586669922,0.32910001277923584,0.01549999974668026,0.024299999698996544,0.004600000102072954,0.0027000000700354576,0.00839999970048666,0.6154000163078308
110.46269226074219,0.32899999618530273,0.015599999576807022,0.024000000208616257,0.0044999998062849045,0.0027000000700354576,0.00839999970048666,0.6158000230789185
110.54606628417969,0.3287999927997589,0.015200000256299973,0.024399999529123306,0.004399999976158142,0.0027000000700354576,0.00839999970048666,0.616100013256073
110.62942504882812,0.32839998602867126,0.015599999576807022,0.02410000003874302,0.00430000014603138,0.00279999990016222,0.00839999970048666,0.6164000034332275
110.71279907226562,0.32839998602867126,0.015200000256299973,0.02410000003874302,0.00430000014603138,0.00279999990016222,0.00839999970048666,0.6168000102043152
110.7961654663086,0.32820001244544983,0.015300000086426735,0.023800000548362732,0.004399999976158142,0.00279999990016222,0.00839999970048666,0.6171000003814697
110.87953186035156,0.328000009059906,0.015200000256299973,0.02329999953508377,0.004399999976158142,0.00279999990016222,0.00839999970048666,0.617900013923645
110.96290588378906,0.3278999924659729,0.015300000086426735,0.02319999970495701,0.004399999976158142,0.0027000000700354576,0.008500000461935997,0.6179999709129333
111.0462646484375,0.3278000056743622,0.014999999664723873,0.02319999970495701,0.00430000014603138,0.0027000000700354576,0.008500000461935997,0.6184999942779541
111.129638671875,0.32760000228881836,0.01510000042617321,0.02290000021457672,0.004100000020116568,0.00279999990016222,0.008500000461935997,0.6190000176429749
111.21300506591797,0.32760000228881836,0.014700000174343586,0.022700000554323196,0.004000000189989805,0.00279999990016222,0.008500000461935997,0.619700014591217
111.29637145996094,0.32710000872612,0.015200000256299973,0.02250000089406967,0.004100000020116568,0.00279999990016222,0.008500000461935997,0.6197999715805054
111.37974548339844,0.32679998874664307,0.01549999974668026,0.021900000050663948,0.00430000014603138,0.00279999990016222,0.008500000461935997,0.620199978351593
111.46310424804688,0.3262999951839447,0.015799999237060547,0.021800000220537186,0.00430000014603138,0.00279999990016222,0.008500000461935997,0.6205000281333923
111.54647827148438,0.326200008392334,0.01590000092983246,0.0215000007301569,0.00430000014603138,0.00279999990016222,0.008500000461935997,0.6208000183105469
111.62984466552734,0.32589998841285706,0.015799999237060547,0.021800000220537186,0.004100000020116568,0.0026000000070780516,0.008500000461935997,0.6212999820709229
111.71321868896484,0.3255000114440918,0.016200000420212746,0.02160000056028366,0.004100000020116568,0.0026000000070780516,0.008500000461935997,0.6215000152587891
111.79658508300781,0.3255000114440918,0.014999999664723873,0.02250000089406967,0.00419999985024333,0.0026000000070780516,0.008500000461935997,0.6216999888420105
111.87994384765625,0.32519999146461487,0.015300000086426735,0.02250000089406967,0.00419999985024333,0.0026000000070780516,0.008500000461935997,0.6216999888420105
111.96331787109375,0.32510000467300415,0.014999999664723873,0.02239999920129776,0.00419999985024333,0.0026000000070780516,0.008500000461935997,0.6222000122070312
112.04668426513672,0.3248000144958496,0.01510000042617321,0.02250000089406967,0.00419999985024333,0.0026000000070780516,0.008500000461935997,0.6223000288009644
112.13005828857422,0.3246000111103058,0.015300000086426735,0.022199999541044235,0.004100000020116568,0.0027000000700354576,0.008500000461935997,0.6226000189781189
112.21342468261719,0.32440000772476196,0.01549999974668026,0.021800000220537186,0.004000000189989805,0.0027000000700354576,0.008500000461935997,0.6230999827384949
112.29679870605469,0.32429999113082886,0.015300000086426735,0.0210999995470047,0.004000000189989805,0.0027000000700354576,0.008500000461935997,0.6241000294685364
112.38015747070312,0.3239000141620636,0.01549999974668026,0.02070000022649765,0.004000000189989805,0.0027000000700354576,0.008500000461935997,0.6247000098228455
112.4635238647461,0.3239000141620636,0.01549999974668026,0.020400000736117363,0.004100000020116568,0.0027000000700354576,0.008500000461935997,0.6248999834060669
112.5468978881836,0.32350000739097595,0.01590000092983246,0.019700000062584877,0.004399999976158142,0.0026000000070780516,0.008500000461935997,0.6254000067710876
112.63025665283203,0.32330000400543213,0.01549999974668026,0.019999999552965164,0.004399999976158142,0.0026000000070780516,0.008500000461935997,0.6256999969482422
112.71363830566406,0.323199987411499,0.015399999916553497,0.019700000062584877,0.004600000102072954,0.0026000000070780516,0.008500000461935997,0.6259999871253967
112.7969970703125,0.3231000006198883,0.01489999983459711,0.01940000057220459,0.004900000058114529,0.0026000000070780516,0.008500000461935997,0.6266000270843506
112.88036346435547,0.3230000138282776,0.014299999922513962,0.019899999722838402,0.004699999932199717,0.0026000000070780516,0.008500000461935997,0.6269999742507935
112.96373748779297,0.3228999972343445,0.014299999922513962,0.01979999989271164,0.004699999932199717,0.0024999999441206455,0.008500000461935997,0.6273000240325928
113.0470962524414,0.32280001044273376,0.014399999752640724,0.019600000232458115,0.004699999932199717,0.0024999999441206455,0.008500000461935997,0.6274999976158142
113.13047790527344,0.32260000705718994,0.014600000344216824,0.019300000742077827,0.004699999932199717,0.002400000113993883,0.008500000461935997,0.6279000043869019
113.21383666992188,0.32249999046325684,0.0142000000923872,0.01940000057220459,0.004600000102072954,0.002400000113993883,0.008500000461935997,0.6284000277519226
113.29721069335938,0.3222000002861023,0.014499999582767487,0.018799999728798866,0.004800000227987766,0.002300000051036477,0.008500000461935997,0.6288999915122986
113.38057708740234,0.32199999690055847,0.014399999752640724,0.018799999728798866,0.004600000102072954,0.002400000113993883,0.008500000461935997,0.6292999982833862
113.46393585205078,0.32190001010894775,0.0142000000923872,0.018799999728798866,0.004600000102072954,0.002400000113993883,0.008500000461935997,0.6295999884605408
113.54730987548828,0.32170000672340393,0.013700000010430813,0.019300000742077827,0.00430000014603138,0.002400000113993883,0.008500000461935997,0.6301000118255615
113.63067626953125,0.32170000672340393,0.013700000010430813,0.019099999219179153,0.004399999976158142,0.002400000113993883,0.008500000461935997,0.6302000284194946
113.71405029296875,0.3215999901294708,0.013799999840557575,0.01889999955892563,0.004399999976158142,0.002300000051036477,0.008500000461935997,0.6305000185966492
113.79741668701172,0.321399986743927,0.014000000432133675,0.018300000578165054,0.0044999998062849045,0.002199999988079071,0.00860000029206276,0.6309999823570251
113.88079071044922,0.32120001316070557,0.013899999670684338,0.018300000578165054,0.004399999976158142,0.002199999988079071,0.00860000029206276,0.6313999891281128
113.96414947509766,0.32109999656677246,0.013500000350177288,0.018300000578165054,0.004399999976158142,0.002199999988079071,0.00860000029206276,0.6319000124931335
114.04751586914062,0.32100000977516174,0.013299999758601189,0.018300000578165054,0.004100000020116568,0.002300000051036477,0.00860000029206276,0.6323999762535095
114.13088989257812,0.32089999318122864,0.012500000186264515,0.01889999955892563,0.004000000189989805,0.002300000051036477,0.00860000029206276,0.6327999830245972
114.2142562866211,0.3208000063896179,0.012600000016391277,0.018799999728798866,0.003800000064074993,0.002300000051036477,0.00860000029206276,0.6330999732017517
114.2976303100586,0.3203999996185303,0.013000000268220901,0.01860000006854534,0.003800000064074993,0.002300000051036477,0.00860000029206276,0.6333000063896179
114.38098907470703,0.32019999623298645,0.012799999676644802,0.018799999728798866,0.003800000064074993,0.002300000051036477,0.00860000029206276,0.6334999799728394
114.46435546875,0.3199000060558319,0.012299999594688416,0.019300000742077827,0.003800000064074993,0.002300000051036477,0.00860000029206276,0.6338000297546387
114.5477294921875,0.319599986076355,0.012600000016391277,0.01899999938905239,0.003700000001117587,0.002300000051036477,0.00860000029206276,0.6341999769210815
114.63109588623047,0.319599986076355,0.012600000016391277,0.018699999898672104,0.0038999998942017555,0.002199999988079071,0.00860000029206276,0.6344000101089478
114.71446990966797,0.319599986076355,0.012600000016391277,0.01860000006854534,0.004000000189989805,0.002099999925121665,0.00860000029206276,0.6345000267028809
114.7978286743164,0.31940001249313354,0.01269999984651804,0.018400000408291817,0.004100000020116568,0.002099999925121665,0.00860000029206276,0.6347000002861023
114.8812026977539,0.31929999589920044,0.01269999984651804,0.01810000091791153,0.00419999985024333,0.002099999925121665,0.00860000029206276,0.6349999904632568
114.96456909179688,0.3190999925136566,0.012900000438094139,0.01810000091791153,0.004000000189989805,0.002099999925121665,0.00860000029206276,0.635200023651123
115.04792785644531,0.3188999891281128,0.013100000098347664,0.017899999395012856,0.003700000001117587,0.002099999925121665,0.00860000029206276,0.635699987411499
115.13130950927734,0.3188000023365021,0.013199999928474426,0.017799999564886093,0.003800000064074993,0.0020000000949949026,0.00860000029206276,0.6358000040054321
115.21466827392578,0.31859999895095825,0.012900000438094139,0.017999999225139618,0.003800000064074993,0.0020000000949949026,0.00860000029206276,0.6360999941825867
115.29804229736328,0.31850001215934753,0.012500000186264515,0.018400000408291817,0.003800000064074993,0.0020000000949949026,0.00860000029206276,0.6362000107765198
115.38140869140625,0.31839999556541443,0.012299999594688416,0.01860000006854534,0.003800000064074993,0.0020000000949949026,0.00860000029206276,0.6363000273704529
115.46478271484375,0.3181000053882599,0.012600000016391277,0.01810000091791153,0.003800000064074993,0.0020000000949949026,0.00860000029206276,0.6367999911308289
115.54814910888672,0.31790000200271606,0.012500000186264515,0.01810000091791153,0.0038999998942017555,0.0020000000949949026,0.00860000029206276,0.6370000243186951
115.63150787353516,0.31779998540878296,0.012199999764561653,0.01850000023841858,0.003800000064074993,0.0020000000949949026,0.00860000029206276,0.6370999813079834
115.71488189697266,0.31779998540878296,0.011900000274181366,0.01810000091791153,0.004100000020116568,0.0020000000949949026,0.00860000029206276,0.637499988079071
115.79824829101562,0.31769999861717224,0.012000000104308128,0.017999999225139618,0.004000000189989805,0.0019000000320374966,0.00860000029206276,0.6377999782562256
115.88162231445312,0.3174000084400177,0.012299999594688416,0.017799999564886093,0.004100000020116568,0.0019000000320374966,0.00860000029206276,0.6378999948501587
115.96498107910156,0.31690001487731934,0.012799999676644802,0.017400000244379044,0.004100000020116568,0.0019000000320374966,0.00860000029206276,0.6383000016212463
116.04834747314453,0.31690001487731934,0.012600000016391277,0.017500000074505806,0.004100000020116568,0.0019000000320374966,0.00860000029206276,0.6384000182151794
116.13172149658203,0.31690001487731934,0.012299999594688416,0.01730000041425228,0.004100000020116568,0.0019000000320374966,0.008700000122189522,0.6388000249862671
116.215087890625,0.3167000114917755,0.012500000186264515,0.016899999231100082,0.00419999985024333,0.0017999999690800905,0.008700000122189522,0.63919997215271
116.2984619140625,0.3167000114917755,0.012199999764561653,0.017000000923871994,0.004100000020116568,0.0017999999690800905,0.008700000122189522,0.6395000219345093
116.38182067871094,0.3163999915122986,0.012500000186264515,0.01679999940097332,0.004100000020116568,0.0017999999690800905,0.008700000122189522,0.6396999955177307
116.46520233154297,0.31630000472068787,0.011900000274181366,0.01730000041425228,0.004100000020116568,0.0017999999690800905,0.008700000122189522,0.6399000287055969
116.5485610961914,0.31610000133514404,0.01209999993443489,0.017100000753998756,0.004000000189989805,0.0017999999690800905,0.008700000122189522,0.6402000188827515
116.63192749023438,0.3160000145435333,0.012000000104308128,0.016899999231100082,0.00419999985024333,0.0017999999690800905,0.008700000122189522,0.6403999924659729
116.71530151367188,0.3156999945640564,0.011900000274181366,0.017100000753998756,0.004399999976158142,0.0017000000225380063,0.008700000122189522,0.640500009059906
116.79866027832031,0.3156000077724457,0.012000000104308128,0.016899999231100082,0.004399999976158142,0.0017000000225380063,0.008700000122189522,0.6406999826431274
116.88203430175781,0.31540000438690186,0.011900000274181366,0.016699999570846558,0.00430000014603138,0.0017999999690800905,0.008700000122189522,0.6412000060081482
116.96540069580078,0.3151000142097473,0.012000000104308128,0.016599999740719795,0.00430000014603138,0.0017999999690800905,0.008700000122189522,0.6414999961853027
117.04877471923828,0.3149999976158142,0.01209999993443489,0.016499999910593033,0.00419999985024333,0.0017999999690800905,0.008700000122189522,0.641700029373169
117.13214111328125,0.3147999942302704,0.01209999993443489,0.016599999740719795,0.00419999985024333,0.0017000000225380063,0.008799999952316284,0.6417999863624573
117.21549987792969,0.3147999942302704,0.012000000104308128,0.016499999910593033,0.00419999985024333,0.0015999999595806003,0.008799999952316284,0.6420999765396118
117.29887390136719,0.31470000743865967,0.011900000274181366,0.01640000008046627,0.00419999985024333,0.0015999999595806003,0.008799999952316284,0.6424000263214111
117.38224029541016,0.31450000405311584,0.01209999993443489,0.016100000590085983,0.004100000020116568,0.0017000000225380063,0.008799999952316284,0.6427000164985657
117.46561431884766,0.3142000138759613,0.012400000356137753,0.015599999576807022,0.004100000020116568,0.0017000000225380063,0.008799999952316284,0.6431999802589417
117.54898071289062,0.3142000138759613,0.012400000356137753,0.01549999974668026,0.00419999985024333,0.0017000000225380063,0.008799999952316284,0.6431999802589417
117.63233947753906,0.3140999972820282,0.012400000356137753,0.015300000086426735,0.00430000014603138,0.001500000013038516,0.008899999782443047,0.6434999704360962
117.71571350097656,0.3140999972820282,0.012199999764561653,0.015200000256299973,0.00430000014603138,0.001500000013038516,0.008899999782443047,0.6438000202178955
117.79907989501953,0.3140999972820282,0.011900000274181366,0.015399999916553497,0.00430000014603138,0.001500000013038516,0.008899999782443047,0.6438999772071838
117.88245391845703,0.3140999972820282,0.011599999852478504,0.015300000086426735,0.004399999976158142,0.001500000013038516,0.008899999782443047,0.6442000269889832
117.9658203125,0.3140999972820282,0.011599999852478504,0.015300000086426735,0.004399999976158142,0.00139999995008111,0.008899999782443047,0.6442999839782715
118.0491943359375,0.31369999051094055,0.012000000104308128,0.015200000256299973,0.004399999976158142,0.00139999995008111,0.008899999782443047,0.6444000005722046
118.13255310058594,0.31360000371932983,0.01209999993443489,0.01510000042617321,0.004399999976158142,0.00139999995008111,0.008899999782443047,0.6445000171661377
118.2159194946289,0.31349998712539673,0.011900000274181366,0.014999999664723873,0.0044999998062849045,0.00139999995008111,0.008899999782443047,0.6448000073432922
118.2992935180664,0.313400000333786,0.012000000104308128,0.014700000174343586,0.0044999998062849045,0.00139999995008111,0.008899999782443047,0.6450999975204468
118.38265991210938,0.313400000333786,0.011500000022351742,0.01510000042617321,0.0044999998062849045,0.00139999995008111,0.008899999782443047,0.6452000141143799
118.46603393554688,0.3131999969482422,0.01140000019222498,0.015200000256299973,0.0044999998062849045,0.0012000000569969416,0.008899999782443047,0.6456000208854675
118.54939270019531,0.31310001015663147,0.011500000022351742,0.01510000042617321,0.0044999998062849045,0.0012000000569969416,0.008899999782443047,0.6456999778747559
118.63276672363281,0.31310001015663147,0.011300000362098217,0.01510000042617321,0.0044999998062849045,0.0012000000569969416,0.008899999782443047,0.6459000110626221
118.71613311767578,0.31299999356269836,0.01140000019222498,0.01489999983459711,0.0044999998062849045,0.0013000000035390258,0.008899999782443047,0.6460000276565552
118.79949951171875,0.31299999356269836,0.011099999770522118,0.01510000042617321,0.0044999998062849045,0.0013000000035390258,0.008899999782443047,0.6460999846458435
118.88287353515625,0.31299999356269836,0.011099999770522118,0.014700000174343586,0.004399999976158142,0.0013000000035390258,0.008899999782443047,0.6466000080108643
118.96623229980469,0.31299999356269836,0.010599999688565731,0.014800000004470348,0.00430000014603138,0.0013000000035390258,0.008899999782443047,0.6470999717712402
119.04960632324219,0.31290000677108765,0.010700000450015068,0.014700000174343586,0.004100000020116568,0.0013000000035390258,0.008899999782443047,0.6474000215530396
119.13297271728516,0.31279999017715454,0.01080000028014183,0.014600000344216824,0.004000000189989805,0.00139999995008111,0.008899999782443047,0.6474999785423279
119.2163314819336,0.31279999017715454,0.01080000028014183,0.014399999752640724,0.004000000189989805,0.00139999995008111,0.008899999782443047,0.6477000117301941
119.29971313476562,0.3127000033855438,0.010900000110268593,0.014100000262260437,0.004000000189989805,0.0013000000035390258,0.008899999782443047,0.6481000185012817
119.38307189941406,0.3124000132083893,0.010999999940395355,0.014000000432133675,0.004000000189989805,0.0013000000035390258,0.008899999782443047,0.6484000086784363
119.46644592285156,0.31209999322891235,0.010999999940395355,0.014100000262260437,0.0038999998942017555,0.00139999995008111,0.008899999782443047,0.6485999822616577
119.54981231689453,0.31200000643730164,0.010499999858438969,0.014399999752640724,0.003800000064074993,0.00139999995008111,0.008899999782443047,0.6489999890327454
119.63318634033203,0.31189998984336853,0.010400000028312206,0.014299999922513962,0.003800000064074993,0.00139999995008111,0.008899999782443047,0.6492999792098999
119.716552734375,0.31189998984336853,0.009800000116229057,0.01489999983459711,0.003800000064074993,0.00139999995008111,0.008899999782443047,0.6492999792098999
119.79991149902344,0.311599999666214,0.009600000455975533,0.015399999916553497,0.003800000064074993,0.00139999995008111,0.008899999782443047,0.6492999792098999
119.88328552246094,0.31150001287460327,0.009499999694526196,0.01549999974668026,0.003599999938160181,0.00139999995008111,0.008899999782443047,0.6496000289916992
119.9666519165039,0.31139999628067017,0.009600000455975533,0.015200000256299973,0.0035000001080334187,0.0013000000035390258,0.008999999612569809,0.6499999761581421
120.0500259399414,0.31130000948905945,0.009600000455975533,0.014800000004470348,0.0034000000450760126,0.0013000000035390258,0.008999999612569809,0.650600016117096
120.13338470458984,0.31119999289512634,0.009700000286102295,0.014600000344216824,0.0035000001080334187,0.0013000000035390258,0.008999999612569809,0.6506999731063843
120.21675109863281,0.3109000027179718,0.009999999776482582,0.014499999582767487,0.0035000001080334187,0.0013000000035390258,0.008999999612569809,0.6507999897003174
120.30012512207031,0.3107999861240387,0.010099999606609344,0.014399999752640724,0.0035000001080334187,0.0013000000035390258,0.008999999612569809,0.6509000062942505
120.38349151611328,0.3107999861240387,0.010099999606609344,0.014399999752640724,0.0034000000450760126,0.0013000000035390258,0.008999999612569809,0.6510000228881836
120.46686553955078,0.310699999332428,0.010200000368058681,0.014399999752640724,0.0034000000450760126,0.0013000000035390258,0.008999999612569809,0.6510000228881836
120.55022430419922,0.31029999256134033,0.010599999688565731,0.014399999752640724,0.0034000000450760126,0.0012000000569969416,0.009100000374019146,0.6510000228881836
120.63360595703125,0.3100999891757965,0.010700000450015068,0.014399999752640724,0.0034000000450760126,0.0012000000569969416,0.009100000374019146,0.6510999798774719
120.71696472167969,0.3100000023841858,0.01080000028014183,0.013899999670684338,0.0034000000450760126,0.0012000000569969416,0.009100000374019146,0.6516000032424927
120.80033111572266,0.3100000023841858,0.010599999688565731,0.014000000432133675,0.0032999999821186066,0.0012000000569969416,0.009100000374019146,0.6517999768257141
120.88370513916016,0.3100000023841858,0.010200000368058681,0.014299999922513962,0.0032999999821186066,0.0012000000569969416,0.009100000374019146,0.6518999934196472
120.9670639038086,0.3098999857902527,0.010300000198185444,0.014000000432133675,0.0031999999191612005,0.0012000000569969416,0.009100000374019146,0.6523000001907349
121.0504379272461,0.3098999857902527,0.010300000198185444,0.013500000350177288,0.003100000089034438,0.0012000000569969416,0.009100000374019146,0.652899980545044
121.13380432128906,0.30979999899864197,0.010400000028312206,0.013299999758601189,0.003000000026077032,0.0012000000569969416,0.009100000374019146,0.6531999707221985
121.21717834472656,0.30970001220703125,0.010499999858438969,0.013100000098347664,0.003000000026077032,0.0010999999940395355,0.009100000374019146,0.6535000205039978
121.30054473876953,0.3095000088214874,0.010700000450015068,0.012900000438094139,0.002899999963119626,0.0010999999940395355,0.009100000374019146,0.6538000106811523
121.38390350341797,0.3091000020503998,0.011099999770522118,0.012400000356137753,0.002899999963119626,0.0012000000569969416,0.009100000374019146,0.65420001745224
121.46727752685547,0.3089999854564667,0.010300000198185444,0.012900000438094139,0.002899999963119626,0.0012000000569969416,0.009100000374019146,0.6546000242233276
121.55064392089844,0.30889999866485596,0.010400000028312206,0.01269999984651804,0.002899999963119626,0.0012000000569969416,0.009100000374019146,0.6547999978065491
121.63401794433594,0.30880001187324524,0.010499999858438969,0.012600000016391277,0.0026000000070780516,0.0012000000569969416,0.009100000374019146,0.6552000045776367
121.7173843383789,0.3086000084877014,0.010700000450015068,0.01209999993443489,0.0027000000700354576,0.0012000000569969416,0.009100000374019146,0.6556000113487244
121.80074310302734,0.3086000084877014,0.010400000028312206,0.012299999594688416,0.0026000000070780516,0.0012000000569969416,0.009100000374019146,0.6557999849319458
121.88411712646484,0.3084999918937683,0.010499999858438969,0.012000000104308128,0.0026000000070780516,0.0012000000569969416,0.009100000374019146,0.6560999751091003
121.96748352050781,0.3082999885082245,0.010700000450015068,0.011699999682605267,0.0027000000700354576,0.0010999999940395355,0.009200000204145908,0.6563000082969666
122.05085754394531,0.30820000171661377,0.01080000028014183,0.011699999682605267,0.0027000000700354576,0.0010999999940395355,0.009200000204145908,0.6563000082969666
122.13422393798828,0.30809998512268066,0.01080000028014183,0.011500000022351742,0.0026000000070780516,0.0010000000474974513,0.009200000204145908,0.6567999720573425
122.21759796142578,0.30799999833106995,0.010499999858438969,0.011800000444054604,0.0027000000700354576,0.0010000000474974513,0.009200000204145908,0.6567999720573425
122.30095672607422,0.30790001153945923,0.010400000028312206,0.011900000274181366,0.0026000000070780516,0.0010999999940395355,0.009200000204145908,0.6568999886512756
122.38432312011719,0.3077999949455261,0.010400000028312206,0.011800000444054604,0.0026000000070780516,0.0010999999940395355,0.009200000204145908,0.6571000218391418
122.46769714355469,0.3077000081539154,0.009999999776482582,0.012000000104308128,0.0026000000070780516,0.0010000000474974513,0.009200000204145908,0.6575000286102295
122.55105590820312,0.3075999915599823,0.009999999776482582,0.011599999852478504,0.0026000000070780516,0.0010999999940395355,0.009200000204145908,0.6578999757766724
122.63443756103516,0.3073999881744385,0.010200000368058681,0.011500000022351742,0.0026000000070780516,0.0010999999940395355,0.009200000204145908,0.6579999923706055
122.7177963256836,0.3073999881744385,0.010099999606609344,0.011500000022351742,0.0026000000070780516,0.0010999999940395355,0.009200000204145908,0.6581000089645386
122.8011703491211,0.3073999881744385,0.010099999606609344,0.011500000022351742,0.0026000000070780516,0.0010999999940395355,0.009200000204145908,0.6581000089645386
122.88453674316406,0.30720001459121704,0.010300000198185444,0.011099999770522118,0.0027000000700354576,0.0012000000569969416,0.009200000204145908,0.65829998254776
122.9678955078125,0.30709999799728394,0.010400000028312206,0.01080000028014183,0.0027000000700354576,0.0012000000569969416,0.009200000204145908,0.6585999727249146
123.05127716064453,0.30709999799728394,0.010400000028312206,0.010300000198185444,0.00279999990016222,0.0012000000569969416,0.009200000204145908,0.6589999794960022
123.13463592529297,0.3070000112056732,0.010400000028312206,0.010099999606609344,0.003000000026077032,0.0012000000569969416,0.009200000204145908,0.6590999960899353
123.21800994873047,0.3068999946117401,0.010400000028312206,0.00989999994635582,0.003100000089034438,0.0012000000569969416,0.009200000204145908,0.6593000292778015
123.30137634277344,0.3068000078201294,0.010499999858438969,0.009800000116229057,0.003100000089034438,0.0012000000569969416,0.009200000204145908,0.6593999862670898
123.38473510742188,0.3068000078201294,0.010300000198185444,0.009700000286102295,0.0031999999191612005,0.0012000000569969416,0.009200000204145908,0.659600019454956
123.46810913085938,0.30649998784065247,0.009800000116229057,0.010300000198185444,0.0032999999821186066,0.0010999999940395355,0.00930000003427267,0.6596999764442444
123.55147552490234,0.30649998784065247,0.009800000116229057,0.010200000368058681,0.0032999999821186066,0.0010999999940395355,0.00930000003427267,0.6597999930381775
123.63484954833984,0.30649998784065247,0.009600000455975533,0.010300000198185444,0.0032999999821186066,0.0010999999940395355,0.00930000003427267,0.6599000096321106
123.71821594238281,0.30649998784065247,0.009399999864399433,0.010200000368058681,0.0032999999821186066,0.0010999999940395355,0.00930000003427267,0.6601999998092651
123.80158996582031,0.30649998784065247,0.008700000122189522,0.01080000028014183,0.0032999999821186066,0.0012000000569969416,0.00930000003427267,0.6601999998092651
123.88494873046875,0.30649998784065247,0.00860000029206276,0.010700000450015068,0.0032999999821186066,0.0012000000569969416,0.00930000003427267,0.6603999733924866
123.96831512451172,0.30640000104904175,0.008500000461935997,0.01080000028014183,0.003100000089034438,0.0013000000035390258,0.00930000003427267,0.6606000065803528
124.05168914794922,0.30640000104904175,0.00839999970048666,0.010900000110268593,0.003000000026077032,0.0013000000035390258,0.00930000003427267,0.6607000231742859
124.13505554199219,0.30630001425743103,0.008500000461935997,0.010400000028312206,0.0031999999191612005,0.0013000000035390258,0.00930000003427267,0.6610000133514404
124.21842956542969,0.30630001425743103,0.00800000037997961,0.01080000028014183,0.0031999999191612005,0.0013000000035390258,0.00930000003427267,0.6610999703407288
124.30178833007812,0.3059999942779541,0.007799999788403511,0.010999999940395355,0.0031999999191612005,0.0012000000569969416,0.009399999864399433,0.6614000201225281
124.38516235351562,0.3059000074863434,0.007799999788403511,0.010900000110268593,0.0031999999191612005,0.0010999999940395355,0.009499999694526196,0.6615999937057495
124.4685287475586,0.3057999908924103,0.007899999618530273,0.01080000028014183,0.0031999999191612005,0.0010999999940395355,0.009499999694526196,0.6617000102996826
124.55189514160156,0.30559998750686646,0.008100000210106373,0.010599999688565731,0.0031999999191612005,0.0010999999940395355,0.009499999694526196,0.661899983882904
124.63526916503906,0.3052999973297119,0.008299999870359898,0.010700000450015068,0.003100000089034438,0.0010999999940395355,0.009499999694526196,0.6620000004768372
124.7186279296875,0.3052999973297119,0.00800000037997961,0.01080000028014183,0.003100000089034438,0.0010999999940395355,0.009499999694526196,0.6621999740600586
124.802001953125,0.3050999939441681,0.008200000040233135,0.01080000028014183,0.003100000089034438,0.0010999999940395355,0.009499999694526196,0.6621999740600586
124.88536834716797,0.3050999939441681,0.008200000040233135,0.010599999688565731,0.0031999999191612005,0.0010999999940395355,0.009499999694526196,0.6622999906539917
124.96873474121094,0.3050999939441681,0.007899999618530273,0.010700000450015068,0.003100000089034438,0.0010999999940395355,0.009499999694526196,0.6625999808311462
125.05210876464844,0.3050999939441681,0.007799999788403511,0.010599999688565731,0.003000000026077032,0.0012000000569969416,0.009499999694526196,0.6628000140190125
125.13546752929688,0.3050999939441681,0.007799999788403511,0.010300000198185444,0.003000000026077032,0.0012000000569969416,0.009499999694526196,0.663100004196167
125.21884155273438,0.3050999939441681,0.007799999788403511,0.010200000368058681,0.003000000026077032,0.0012000000569969416,0.009499999694526196,0.6632000207901001
125.30220794677734,0.3050000071525574,0.007499999832361937,0.010400000028312206,0.003000000026077032,0.0010000000474974513,0.009499999694526196,0.6636000275611877
125.38558197021484,0.30489999055862427,0.007499999832361937,0.010400000028312206,0.002899999963119626,0.0010000000474974513,0.009499999694526196,0.6638000011444092
125.46894836425781,0.30480000376701355,0.007300000172108412,0.010599999688565731,0.003000000026077032,0.0010000000474974513,0.009499999694526196,0.6638000011444092
125.55230712890625,0.30480000376701355,0.007199999876320362,0.010499999858438969,0.002899999963119626,0.0010000000474974513,0.009499999694526196,0.6640999913215637
125.63568115234375,0.3043999969959259,0.007499999832361937,0.010599999688565731,0.00279999990016222,0.0010000000474974513,0.009499999694526196,0.6642000079154968
125.71904754638672,0.3043000102043152,0.007300000172108412,0.010900000110268593,0.00279999990016222,0.0010000000474974513,0.009499999694526196,0.6642000079154968
125.80242156982422,0.3041999936103821,0.007199999876320362,0.010999999940395355,0.002899999963119626,0.0010000000474974513,0.009499999694526196,0.6642000079154968
125.88578796386719,0.30390000343322754,0.007300000172108412,0.011099999770522118,0.00279999990016222,0.0010000000474974513,0.009499999694526196,0.6643999814987183
125.96916198730469,0.3037000000476837,0.007499999832361937,0.011099999770522118,0.00279999990016222,0.0010000000474974513,0.009499999694526196,0.6643999814987183
126.05252075195312,0.303600013256073,0.007300000172108412,0.01119999960064888,0.00279999990016222,0.0007999999797903001,0.009600000455975533,0.6646999716758728
126.1358871459961,0.303600013256073,0.007300000172108412,0.010999999940395355,0.002899999963119626,0.0007999999797903001,0.009600000455975533,0.6647999882698059
126.2192611694336,0.303600013256073,0.007300000172108412,0.01080000028014183,0.002899999963119626,0.0007999999797903001,0.009600000455975533,0.6650000214576721
126.30262756347656,0.303600013256073,0.007300000172108412,0.010700000450015068,0.002899999963119626,0.0007999999797903001,0.009600000455975533,0.6650999784469604
126.38600158691406,0.3034000098705292,0.007400000002235174,0.010599999688565731,0.0027000000700354576,0.0007999999797903001,0.009600000455975533,0.6654999852180481
126.4693603515625,0.3034000098705292,0.007000000216066837,0.01080000028014183,0.0027000000700354576,0.0007999999797903001,0.009600000455975533,0.6657000184059143
126.55272674560547,0.3034000098705292,0.007000000216066837,0.010599999688565731,0.002899999963119626,0.000699999975040555,0.009600000455975533,0.6657999753952026
126.63610076904297,0.30309998989105225,0.007300000172108412,0.010599999688565731,0.002899999963119626,0.000699999975040555,0.009600000455975533,0.6657999753952026
126.7194595336914,0.30300000309944153,0.007400000002235174,0.010499999858438969,0.002899999963119626,0.000699999975040555,0.009600000455975533,0.6658999919891357
126.80284118652344,0.3028999865055084,0.007499999832361937,0.010400000028312206,0.002899999963119626,0.000699999975040555,0.009600000455975533,0.6660000085830688
126.88619995117188,0.3028999865055084,0.007499999832361937,0.010300000198185444,0.003000000026077032,0.0006000000284984708,0.009700000286102295,0.6660000085830688
126.96957397460938,0.3027999997138977,0.007499999832361937,0.010300000198185444,0.003000000026077032,0.0006000000284984708,0.009700000286102295,0.666100025177002
127.05294036865234,0.3027999997138977,0.007499999832361937,0.010099999606609344,0.002899999963119626,0.0006000000284984708,0.009700000286102295,0.6664000153541565
127.13629913330078,0.302700012922287,0.007600000128149986,0.010099999606609344,0.002899999963119626,0.0006000000284984708,0.009700000286102295,0.6664000153541565
127.21968078613281,0.302700012922287,0.007499999832361937,0.009800000116229057,0.002899999963119626,0.0006000000284984708,0.009700000286102295,0.6668000221252441
127.30303955078125,0.302700012922287,0.007400000002235174,0.009600000455975533,0.002899999963119626,0.0006000000284984708,0.009700000286102295,0.6671000123023987
127.38641357421875,0.3025999963283539,0.007499999832361937,0.009399999864399433,0.003000000026077032,0.0006000000284984708,0.009700000286102295,0.6672000288963318
127.46977996826172,0.30250000953674316,0.007199999876320362,0.009600000455975533,0.002899999963119626,0.0006000000284984708,0.009700000286102295,0.6675000190734863
127.55315399169922,0.30239999294281006,0.0071000000461936,0.009800000116229057,0.002899999963119626,0.0006000000284984708,0.009700000286102295,0.6675000190734863
127.63651275634766,0.30219998955726624,0.007300000172108412,0.009499999694526196,0.002899999963119626,0.0006000000284984708,0.009700000286102295,0.6678000092506409
127.71987915039062,0.30219998955726624,0.0071000000461936,0.009700000286102295,0.00279999990016222,0.0006000000284984708,0.009700000286102295,0.667900025844574
127.80325317382812,0.3018999993801117,0.007400000002235174,0.009399999864399433,0.00279999990016222,0.0006000000284984708,0.009700000286102295,0.6682000160217285
127.8866195678711,0.3018999993801117,0.007400000002235174,0.009399999864399433,0.00279999990016222,0.0006000000284984708,0.009700000286102295,0.6682000160217285
127.9699935913086,0.301800012588501,0.007400000002235174,0.009399999864399433,0.0027000000700354576,0.0006000000284984708,0.009700000286102295,0.66839998960495
128.05335998535156,0.30169999599456787,0.007300000172108412,0.009600000455975533,0.0026000000070780516,0.0006000000284984708,0.009700000286102295,0.6685000061988831
128.13671875,0.30140000581741333,0.007600000128149986,0.009499999694526196,0.0026000000070780516,0.0006000000284984708,0.009700000286102295,0.6686000227928162
128.2200927734375,0.3012999892234802,0.007699999958276749,0.009399999864399433,0.0026000000070780516,0.0006000000284984708,0.009700000286102295,0.6686999797821045
128.30345153808594,0.3012000024318695,0.007799999788403511,0.009200000204145908,0.0026000000070780516,0.0006000000284984708,0.009700000286102295,0.6689000129699707
128.38682556152344,0.3012000024318695,0.007499999832361937,0.009499999694526196,0.0024999999441206455,0.000699999975040555,0.009700000286102295,0.6689000129699707
128.47019958496094,0.3010999858379364,0.007400000002235174,0.009499999694526196,0.0024999999441206455,0.000699999975040555,0.009700000286102295,0.6690999865531921
128.55357360839844,0.30079999566078186,0.007699999958276749,0.009399999864399433,0.0024999999441206455,0.000699999975040555,0.009700000286102295,0.6692000031471252
128.63693237304688,0.3005000054836273,0.007400000002235174,0.009800000116229057,0.0024999999441206455,0.000699999975040555,0.009700000286102295,0.6693999767303467
128.7202911376953,0.3005000054836273,0.007400000002235174,0.009600000455975533,0.002400000113993883,0.000699999975040555,0.009700000286102295,0.669700026512146
128.8036651611328,0.3005000054836273,0.007199999876320362,0.009800000116229057,0.002300000051036477,0.000699999975040555,0.009700000286102295,0.6697999835014343
128.8870391845703,0.3003999888896942,0.007199999876320362,0.009600000455975533,0.002400000113993883,0.000699999975040555,0.009700000286102295,0.6700000166893005
128.9704132080078,0.3003999888896942,0.007199999876320362,0.00930000003427267,0.002400000113993883,0.000699999975040555,0.009700000286102295,0.6703000068664551
129.05377197265625,0.3003999888896942,0.007199999876320362,0.009100000374019146,0.002300000051036477,0.0007999999797903001,0.009700000286102295,0.6704999804496765
129.1371307373047,0.3003000020980835,0.007300000172108412,0.009100000374019146,0.002300000051036477,0.000699999975040555,0.009800000116229057,0.6704999804496765
129.2205047607422,0.3003000020980835,0.0066999997943639755,0.009499999694526196,0.002300000051036477,0.000699999975040555,0.009800000116229057,0.6707000136375427
129.3038787841797,0.3001999855041504,0.006099999882280827,0.009999999776482582,0.002300000051036477,0.000699999975040555,0.009800000116229057,0.6708999872207642
129.3872528076172,0.30000001192092896,0.006300000008195639,0.009999999776482582,0.002300000051036477,0.000699999975040555,0.009800000116229057,0.6708999872207642
129.47061157226562,0.2994999885559082,0.0066999997943639755,0.009999999776482582,0.002199999988079071,0.0006000000284984708,0.00989999994635582,0.6711000204086304
129.55398559570312,0.2994000017642975,0.006500000134110451,0.00989999994635582,0.002199999988079071,0.0006000000284984708,0.00989999994635582,0.671500027179718
129.63734436035156,0.2992999851703644,0.006500000134110451,0.00989999994635582,0.002199999988079071,0.0006000000284984708,0.00989999994635582,0.6715999841690063
129.72071838378906,0.29919999837875366,0.006599999964237213,0.009800000116229057,0.002300000051036477,0.0006000000284984708,0.00989999994635582,0.6715999841690063
129.80409240722656,0.29919999837875366,0.006300000008195639,0.009999999776482582,0.002199999988079071,0.000699999975040555,0.00989999994635582,0.6717000007629395
129.887451171875,0.29910001158714294,0.006300000008195639,0.00989999994635582,0.002199999988079071,0.0007999999797903001,0.00989999994635582,0.6718000173568726
129.9708251953125,0.2989000082015991,0.006399999838322401,0.00989999994635582,0.002300000051036477,0.0007999999797903001,0.00989999994635582,0.6718000173568726
130.05418395996094,0.2989000082015991,0.006099999882280827,0.010200000368058681,0.002099999925121665,0.0008999999845400453,0.00989999994635582,0.6718999743461609
130.13755798339844,0.298799991607666,0.006200000178068876,0.009999999776482582,0.002199999988079071,0.0008999999845400453,0.00989999994635582,0.671999990940094
130.22093200683594,0.2987000048160553,0.006300000008195639,0.009800000116229057,0.002199999988079071,0.0007999999797903001,0.009999999776482582,0.6722000241279602
130.30429077148438,0.2985999882221222,0.005400000140070915,0.010700000450015068,0.002099999925121665,0.0007999999797903001,0.009999999776482582,0.6723999977111816
130.38766479492188,0.29840001463890076,0.005499999970197678,0.010599999688565731,0.002099999925121665,0.0007999999797903001,0.009999999776482582,0.6725999712944031
130.4710235595703,0.29820001125335693,0.00570000009611249,0.010499999858438969,0.002099999925121665,0.000699999975040555,0.009999999776482582,0.6728000044822693
130.5543975830078,0.2978000044822693,0.006000000052154064,0.010499999858438969,0.0020000000949949026,0.000699999975040555,0.009999999776482582,0.6729999780654907
130.6377716064453,0.29750001430511475,0.006300000008195639,0.010300000198185444,0.0019000000320374966,0.0007999999797903001,0.009999999776482582,0.6732000112533569
130.72113037109375,0.29739999771118164,0.006300000008195639,0.010300000198185444,0.0019000000320374966,0.0007999999797903001,0.009999999776482582,0.67330002784729
130.80450439453125,0.2973000109195709,0.006399999838322401,0.010300000198185444,0.0019000000320374966,0.0007999999797903001,0.009999999776482582,0.67330002784729
130.8878631591797,0.2971999943256378,0.006500000134110451,0.010200000368058681,0.0017999999690800905,0.0007999999797903001,0.009999999776482582,0.6735000014305115
130.9712371826172,0.2971000075340271,0.006599999964237213,0.009999999776482582,0.0017999999690800905,0.0007999999797903001,0.009999999776482582,0.6736999750137329
131.0546112060547,0.296999990940094,0.006599999964237213,0.00989999994635582,0.0017999999690800905,0.0007999999797903001,0.009999999776482582,0.6739000082015991
131.1379852294922,0.296999990940094,0.006599999964237213,0.00989999994635582,0.0017999999690800905,0.0007999999797903001,0.009999999776482582,0.6739000082015991
131.22134399414062,0.2969000041484833,0.0066999997943639755,0.009800000116229057,0.0017999999690800905,0.0008999999845400453,0.009999999776482582,0.6739000082015991
131.30470275878906,0.29679998755455017,0.006500000134110451,0.010099999606609344,0.0017000000225380063,0.0008999999845400453,0.009999999776482582,0.6740000247955322
131.38807678222656,0.29649999737739563,0.006099999882280827,0.010599999688565731,0.0017999999690800905,0.0008999999845400453,0.009999999776482582,0.6740999817848206
131.471435546875,0.29589998722076416,0.0066999997943639755,0.010400000028312206,0.0017999999690800905,0.0008999999845400453,0.009999999776482582,0.6743000149726868
131.55482482910156,0.2955999970436096,0.006899999920278788,0.010300000198185444,0.0017999999690800905,0.0008999999845400453,0.009999999776482582,0.6744999885559082
131.63818359375,0.2953999936580658,0.007000000216066837,0.010300000198185444,0.0017999999690800905,0.0008999999845400453,0.009999999776482582,0.6746000051498413
131.7215576171875,0.2953000068664551,0.007000000216066837,0.010300000198185444,0.0017999999690800905,0.0008999999845400453,0.009999999776482582,0.6747000217437744
131.80491638183594,0.29510000348091125,0.007199999876320362,0.010200000368058681,0.0017000000225380063,0.0010000000474974513,0.009999999776482582,0.6747999787330627
131.88827514648438,0.29510000348091125,0.007199999876320362,0.010099999606609344,0.0017000000225380063,0.0010000000474974513,0.009999999776482582,0.6748999953269958
131.97166442871094,0.29510000348091125,0.007000000216066837,0.010200000368058681,0.0017000000225380063,0.0010000000474974513,0.009999999776482582,0.675000011920929
132.05502319335938,0.29510000348091125,0.007000000216066837,0.00989999994635582,0.0015999999595806003,0.0010999999940395355,0.009999999776482582,0.6753000020980835
132.13839721679688,0.2948000133037567,0.007199999876320362,0.009800000116229057,0.0015999999595806003,0.0010999999940395355,0.009999999776482582,0.6754999756813049
132.2217559814453,0.2948000133037567,0.0071000000461936,0.00989999994635582,0.0015999999595806003,0.0010999999940395355,0.009999999776482582,0.6754999756813049
132.30511474609375,0.2946999967098236,0.007000000216066837,0.009999999776482582,0.0015999999595806003,0.0010999999940395355,0.009999999776482582,0.675599992275238
132.38848876953125,0.29429998993873596,0.0071000000461936,0.010200000368058681,0.0015999999595806003,0.0010999999940395355,0.009999999776482582,0.6757000088691711
132.47186279296875,0.29420000314712524,0.007000000216066837,0.010300000198185444,0.0015999999595806003,0.0010000000474974513,0.009999999776482582,0.6758999824523926
132.55523681640625,0.29420000314712524,0.0066999997943639755,0.010499999858438969,0.0015999999595806003,0.0010000000474974513,0.009999999776482582,0.6759999990463257
132.6385955810547,0.2937999963760376,0.006800000090152025,0.01080000028014183,0.0015999999595806003,0.0010000000474974513,0.009999999776482582,0.6759999990463257
132.7219696044922,0.2937000095844269,0.006800000090152025,0.010900000110268593,0.0015999999595806003,0.0010000000474974513,0.009999999776482582,0.6759999990463257
132.80532836914062,0.2935999929904938,0.006800000090152025,0.010999999940395355,0.0015999999595806003,0.0010000000474974513,0.009999999776482582,0.6759999990463257
132.88870239257812,0.2935999929904938,0.006800000090152025,0.010999999940395355,0.0015999999595806003,0.0010000000474974513,0.009999999776482582,0.6759999990463257
132.97207641601562,0.2935999929904938,0.006599999964237213,0.01119999960064888,0.001500000013038516,0.0010000000474974513,0.009999999776482582,0.6761000156402588
133.05543518066406,0.29350000619888306,0.0066999997943639755,0.011099999770522118,0.001500000013038516,0.0010000000474974513,0.009999999776482582,0.6761999726295471
133.13880920410156,0.29330000281333923,0.006899999920278788,0.011099999770522118,0.001500000013038516,0.0010000000474974513,0.009999999776482582,0.6761999726295471
133.22216796875,0.29330000281333923,0.006599999964237213,0.011099999770522118,0.001500000013038516,0.0010000000474974513,0.009999999776482582,0.6765000224113464
133.3055419921875,0.29330000281333923,0.006599999964237213,0.010999999940395355,0.00139999995008111,0.0010000000474974513,0.009999999776482582,0.6766999959945679
133.388916015625,0.2930999994277954,0.006800000090152025,0.010999999940395355,0.00139999995008111,0.0010000000474974513,0.009999999776482582,0.6766999959945679
133.47227478027344,0.2930000126361847,0.006899999920278788,0.010900000110268593,0.00139999995008111,0.0010000000474974513,0.009999999776482582,0.676800012588501
133.55564880371094,0.29280000925064087,0.006800000090152025,0.011099999770522118,0.00139999995008111,0.0010000000474974513,0.009999999776482582,0.6769000291824341
133.63900756835938,0.29269999265670776,0.006899999920278788,0.010999999940395355,0.00139999995008111,0.0010000000474974513,0.009999999776482582,0.6769999861717224
133.72238159179688,0.29249998927116394,0.0071000000461936,0.010999999940395355,0.0013000000035390258,0.0010000000474974513,0.009999999776482582,0.6771000027656555
133.80575561523438,0.2924000024795532,0.0071000000461936,0.010999999940395355,0.0013000000035390258,0.0010000000474974513,0.009999999776482582,0.6772000193595886
133.8891143798828,0.2921999990940094,0.007300000172108412,0.010900000110268593,0.0013000000035390258,0.0010000000474974513,0.009999999776482582,0.677299976348877
133.9724884033203,0.2921000123023987,0.007000000216066837,0.011099999770522118,0.0013000000035390258,0.0010000000474974513,0.009999999776482582,0.6775000095367432
134.05584716796875,0.29190000891685486,0.007000000216066837,0.010999999940395355,0.0013000000035390258,0.0010000000474974513,0.009999999776482582,0.6777999997138977
134.13922119140625,0.29170000553131104,0.007199999876320362,0.01080000028014183,0.0013000000035390258,0.0010000000474974513,0.009999999776482582,0.6779999732971191
134.22259521484375,0.29170000553131104,0.0071000000461936,0.01080000028014183,0.0013000000035390258,0.0010000000474974513,0.009999999776482582,0.6780999898910522
134.30596923828125,0.29159998893737793,0.007000000216066837,0.01080000028014183,0.00139999995008111,0.0010000000474974513,0.009999999776482582,0.6782000064849854
134.3893280029297,0.2915000021457672,0.007000000216066837,0.010599999688565731,0.00139999995008111,0.0010000000474974513,0.009999999776482582,0.6784999966621399
134.47268676757812,0.2915000021457672,0.006899999920278788,0.010599999688565731,0.001500000013038516,0.0010000000474974513,0.009999999776482582,0.6784999966621399
134.55606079101562,0.2915000021457672,0.006899999920278788,0.010300000198185444,0.00139999995008111,0.0010000000474974513,0.009999999776482582,0.6789000034332275
134.63943481445312,0.2913999855518341,0.007000000216066837,0.010099999606609344,0.00139999995008111,0.0010000000474974513,0.009999999776482582,0.679099977016449
134.72280883789062,0.2913999855518341,0.007000000216066837,0.009999999776482582,0.00139999995008111,0.0010000000474974513,0.009999999776482582,0.6791999936103821
134.80616760253906,0.29120001196861267,0.007199999876320362,0.009800000116229057,0.00139999995008111,0.0010000000474974513,0.009999999776482582,0.6794000267982483
134.88954162597656,0.29120001196861267,0.006899999920278788,0.009999999776482582,0.00139999995008111,0.0010000000474974513,0.009999999776482582,0.6794999837875366
134.972900390625,0.290800005197525,0.007300000172108412,0.009800000116229057,0.0015999999595806003,0.0010000000474974513,0.009999999776482582,0.6794999837875366
135.0562744140625,0.2906999886035919,0.007400000002235174,0.00930000003427267,0.0017000000225380063,0.0010000000474974513,0.009999999776482582,0.6798999905586243
135.1396484375,0.2906000018119812,0.007499999832361937,0.009200000204145908,0.0017000000225380063,0.0010000000474974513,0.009999999776482582,0.6800000071525574
135.22300720214844,0.2904999852180481,0.007499999832361937,0.009200000204145908,0.0017000000225380063,0.0010000000474974513,0.009999999776482582,0.6801000237464905
135.30638122558594,0.2903999984264374,0.007600000128149986,0.008799999952316284,0.0017999999690800905,0.0010000000474974513,0.009999999776482582,0.680400013923645
135.38973999023438,0.29030001163482666,0.007699999958276749,0.008799999952316284,0.0017000000225380063,0.0010000000474974513,0.009999999776482582,0.6804999709129333
135.47311401367188,0.29019999504089355,0.007799999788403511,0.008700000122189522,0.0017000000225380063,0.0010000000474974513,0.009999999776482582,0.6805999875068665
135.55648803710938,0.28999999165534973,0.00800000037997961,0.008700000122189522,0.0017000000225380063,0.0010000000474974513,0.009999999776482582,0.6805999875068665
135.6398468017578,0.289900004863739,0.00800000037997961,0.008500000461935997,0.0017999999690800905,0.0010000000474974513,0.009999999776482582,0.6808000206947327
135.7232208251953,0.2897999882698059,0.00800000037997961,0.008200000040233135,0.0019000000320374966,0.0010000000474974513,0.009999999776482582,0.6811000108718872
135.80657958984375,0.2897000014781952,0.008100000210106373,0.008200000040233135,0.0019000000320374966,0.0010000000474974513,0.009999999776482582,0.6811000108718872
135.88995361328125,0.2897000014781952,0.007899999618530273,0.008299999870359898,0.0019000000320374966,0.0010000000474974513,0.009999999776482582,0.6812000274658203
135.97332763671875,0.2896000146865845,0.00800000037997961,0.008200000040233135,0.0019000000320374966,0.0010000000474974513,0.009999999776482582,0.6812999844551086
136.0566864013672,0.2896000146865845,0.00800000037997961,0.007799999788403511,0.0019000000320374966,0.0010000000474974513,0.009999999776482582,0.6816999912261963
136.1400604248047,0.2896000146865845,0.007600000128149986,0.00800000037997961,0.0019000000320374966,0.0008999999845400453,0.009999999776482582,0.6819999814033508
136.22341918945312,0.2896000146865845,0.007499999832361937,0.00800000037997961,0.0017999999690800905,0.0008999999845400453,0.009999999776482582,0.682200014591217
136.30679321289062,0.2896000146865845,0.007400000002235174,0.00800000037997961,0.0019000000320374966,0.0008999999845400453,0.009999999776482582,0.682200014591217
136.39016723632812,0.2896000146865845,0.007400000002235174,0.007899999618530273,0.0019000000320374966,0.0010000000474974513,0.009999999776482582,0.682200014591217
136.47354125976562,0.28929999470710754,0.007499999832361937,0.007899999618530273,0.0019000000320374966,0.0010000000474974513,0.009999999776482582,0.6823999881744385
136.55690002441406,0.2892000079154968,0.007300000172108412,0.00800000037997961,0.0019000000320374966,0.0010000000474974513,0.009999999776482582,0.6826000213623047
136.6402587890625,0.2892000079154968,0.007199999876320362,0.008100000210106373,0.0019000000320374966,0.0010000000474974513,0.009999999776482582,0.6826000213623047
136.7236328125,0.2892000079154968,0.006899999920278788,0.00800000037997961,0.0019000000320374966,0.0010000000474974513,0.009999999776482582,0.6830000281333923
136.8070068359375,0.2892000079154968,0.006899999920278788,0.007699999958276749,0.0019000000320374966,0.0010000000474974513,0.009999999776482582,0.6833000183105469
136.890380859375,0.2890999913215637,0.007000000216066837,0.007600000128149986,0.0019000000320374966,0.0010000000474974513,0.009999999776482582,0.6833999752998352
136.97373962402344,0.2890999913215637,0.0066999997943639755,0.007799999788403511,0.0017999999690800905,0.0010000000474974513,0.009999999776482582,0.6836000084877014
137.05709838867188,0.289000004529953,0.006399999838322401,0.008100000210106373,0.0017999999690800905,0.0010000000474974513,0.009999999776482582,0.6837000250816345
137.14047241210938,0.28859999775886536,0.006599999964237213,0.008200000040233135,0.0017000000225380063,0.0010000000474974513,0.009999999776482582,0.683899998664856
137.22384643554688,0.28859999775886536,0.006599999964237213,0.008200000040233135,0.0017000000225380063,0.0010000000474974513,0.009999999776482582,0.683899998664856
137.30722045898438,0.28850001096725464,0.0066999997943639755,0.008200000040233135,0.0017000000225380063,0.0010000000474974513,0.009999999776482582,0.683899998664856
137.3905792236328,0.2883000075817108,0.006800000090152025,0.008299999870359898,0.0017000000225380063,0.0010000000474974513,0.009999999776482582,0.683899998664856
137.4739532470703,0.2883000075817108,0.0066999997943639755,0.008299999870359898,0.0017000000225380063,0.0010000000474974513,0.009999999776482582,0.6840000152587891
137.55731201171875,0.2881999909877777,0.006800000090152025,0.008299999870359898,0.0017000000225380063,0.0010000000474974513,0.009999999776482582,0.6840000152587891
137.64068603515625,0.2879999876022339,0.007000000216066837,0.008100000210106373,0.0017000000225380063,0.0010000000474974513,0.009999999776482582,0.6841999888420105
137.72406005859375,0.2879999876022339,0.007000000216066837,0.008100000210106373,0.0017000000225380063,0.0010000000474974513,0.009999999776482582,0.6841999888420105
137.8074188232422,0.2879999876022339,0.007000000216066837,0.007699999958276749,0.0017999999690800905,0.0008999999845400453,0.009999999776482582,0.6845999956130981
137.8907928466797,0.2879999876022339,0.007000000216066837,0.007400000002235174,0.0017999999690800905,0.0008999999845400453,0.009999999776482582,0.6848999857902527
137.97415161132812,0.2879999876022339,0.007000000216066837,0.007300000172108412,0.0017999999690800905,0.0008999999845400453,0.009999999776482582,0.6850000023841858
138.05752563476562,0.2879999876022339,0.007000000216066837,0.007199999876320362,0.0017999999690800905,0.0008999999845400453,0.009999999776482582,0.6851000189781189
138.14089965820312,0.28790000081062317,0.0071000000461936,0.0071000000461936,0.0017999999690800905,0.0008999999845400453,0.009999999776482582,0.6851999759674072
138.22425842285156,0.28790000081062317,0.0071000000461936,0.007000000216066837,0.0017999999690800905,0.0008999999845400453,0.009999999776482582,0.6852999925613403
138.30763244628906,0.28780001401901245,0.007199999876320362,0.007000000216066837,0.0017999999690800905,0.0008999999845400453,0.009999999776482582,0.6852999925613403
138.3909912109375,0.28780001401901245,0.007199999876320362,0.006899999920278788,0.0017999999690800905,0.0008999999845400453,0.009999999776482582,0.6854000091552734
138.474365234375,0.28769999742507935,0.007300000172108412,0.0066999997943639755,0.0019000000320374966,0.0008999999845400453,0.009999999776482582,0.6855000257492065
138.5577392578125,0.28760001063346863,0.0071000000461936,0.006899999920278788,0.0017999999690800905,0.0010000000474974513,0.009999999776482582,0.6855999827384949
138.64109802246094,0.2874999940395355,0.0071000000461936,0.006899999920278788,0.0017999999690800905,0.0010000000474974513,0.009999999776482582,0.685699999332428
138.72447204589844,0.2874999940395355,0.0071000000461936,0.006599999964237213,0.0017999999690800905,0.0010000000474974513,0.009999999776482582,0.6859999895095825
138.80783081054688,0.2874000072479248,0.007199999876320362,0.006500000134110451,0.0017999999690800905,0.0010000000474974513,0.009999999776482582,0.6861000061035156
138.89120483398438,0.2874000072479248,0.006899999920278788,0.0066999997943639755,0.0019000000320374966,0.0010000000474974513,0.009999999776482582,0.6861000061035156
138.97457885742188,0.2874000072479248,0.0066999997943639755,0.0066999997943639755,0.002099999925121665,0.0010000000474974513,0.009999999776482582,0.6861000061035156
139.05795288085938,0.2874000072479248,0.0066999997943639755,0.0066999997943639755,0.0020000000949949026,0.0010999999940395355,0.009999999776482582,0.6861000061035156
139.1413116455078,0.2874000072479248,0.0066999997943639755,0.0066999997943639755,0.0020000000949949026,0.0010999999940395355,0.009999999776482582,0.6861000061035156
139.22467041015625,0.2874000072479248,0.0066999997943639755,0.0066999997943639755,0.0020000000949949026,0.0010999999940395355,0.009999999776482582,0.6861000061035156
139.30804443359375,0.2874000072479248,0.0066999997943639755,0.0066999997943639755,0.0019000000320374966,0.0010999999940395355,0.009999999776482582,0.6862000226974487
139.3914031982422,0.2874000072479248,0.006599999964237213,0.0066999997943639755,0.0020000000949949026,0.0010999999940395355,0.009999999776482582,0.6862000226974487
139.47479248046875,0.2874000072479248,0.006599999964237213,0.0066999997943639755,0.0020000000949949026,0.0010999999940395355,0.009999999776482582,0.6862000226974487
139.5581512451172,0.2872999906539917,0.0066999997943639755,0.0066999997943639755,0.0020000000949949026,0.0010999999940395355,0.009999999776482582,0.6862000226974487
139.64151000976562,0.2872999906539917,0.0066999997943639755,0.0066999997943639755,0.0020000000949949026,0.0010999999940395355,0.009999999776482582,0.6862000226974487
139.72488403320312,0.2872999906539917,0.006599999964237213,0.006800000090152025,0.0020000000949949026,0.0010999999940395355,0.009999999776482582,0.6862000226974487
139.80824279785156,0.2872999906539917,0.006500000134110451,0.006800000090152025,0.0019000000320374966,0.0010000000474974513,0.009999999776482582,0.6865000128746033
139.89163208007812,0.2872999906539917,0.006000000052154064,0.0071000000461936,0.0020000000949949026,0.0010000000474974513,0.009999999776482582,0.6866000294685364
139.97499084472656,0.2872999906539917,0.005900000222027302,0.007199999876320362,0.0019000000320374966,0.0010999999940395355,0.009999999776482582,0.6866000294685364
140.05836486816406,0.2872999906539917,0.005799999926239252,0.007199999876320362,0.0017999999690800905,0.0012000000569969416,0.009999999776482582,0.6866999864578247
140.1417236328125,0.2872999906539917,0.00570000009611249,0.007000000216066837,0.0019000000320374966,0.0012000000569969416,0.009999999776482582,0.6869000196456909
140.22508239746094,0.2872999906539917,0.00559999980032444,0.007000000216066837,0.0017999999690800905,0.0010999999940395355,0.010099999606609344,0.6870999932289124
140.30845642089844,0.2872999906539917,0.00559999980032444,0.006800000090152025,0.0017000000225380063,0.0012000000569969416,0.010099999606609344,0.6873000264167786
140.39183044433594,0.2870999872684479,0.005799999926239252,0.0066999997943639755,0.0017000000225380063,0.0012000000569969416,0.010099999606609344,0.6873999834060669
140.47520446777344,0.28700000047683716,0.005900000222027302,0.006399999838322401,0.0017000000225380063,0.0012000000569969416,0.010099999606609344,0.6876999735832214
140.55856323242188,0.28700000047683716,0.00559999980032444,0.0066999997943639755,0.0017000000225380063,0.0012000000569969416,0.010099999606609344,0.6876999735832214
140.64193725585938,0.28700000047683716,0.005499999970197678,0.006500000134110451,0.0017000000225380063,0.0012000000569969416,0.010099999606609344,0.6880000233650208
140.7252960205078,0.28690001368522644,0.00559999980032444,0.006500000134110451,0.0015999999595806003,0.0013000000035390258,0.010099999606609344,0.6880000233650208
140.8086700439453,0.28690001368522644,0.00559999980032444,0.006300000008195639,0.0017999999690800905,0.0012000000569969416,0.010099999606609344,0.6880999803543091
140.8920440673828,0.28679999709129333,0.0052999998442828655,0.0066999997943639755,0.0017999999690800905,0.0010999999940395355,0.010099999606609344,0.6881999969482422
140.97540283203125,0.28679999709129333,0.0052999998442828655,0.006599999964237213,0.0019000000320374966,0.0010000000474974513,0.010099999606609344,0.6883000135421753
141.05877685546875,0.2867000102996826,0.005200000014156103,0.0066999997943639755,0.0019000000320374966,0.0010000000474974513,0.010099999606609344,0.6883999705314636
141.1421356201172,0.2863999903202057,0.005499999970197678,0.006599999964237213,0.0019000000320374966,0.0010000000474974513,0.010099999606609344,0.6884999871253967
141.2255096435547,0.28619998693466187,0.00570000009611249,0.006399999838322401,0.0019000000320374966,0.0010000000474974513,0.010099999606609344,0.6887000203132629
141.3088836669922,0.28619998693466187,0.00570000009611249,0.006300000008195639,0.0019000000320374966,0.0010000000474974513,0.010099999606609344,0.6887999773025513
141.39224243164062,0.28619998693466187,0.00570000009611249,0.006099999882280827,0.0019000000320374966,0.0010000000474974513,0.010099999606609344,0.6890000104904175
141.47561645507812,0.28600001335144043,0.005900000222027302,0.006000000052154064,0.0017000000225380063,0.0010999999940395355,0.010099999606609344,0.6891999840736389
141.55897521972656,0.2858000099658966,0.006099999882280827,0.005799999926239252,0.0017000000225380063,0.0010000000474974513,0.010099999606609344,0.6894999742507935
141.64234924316406,0.2856000065803528,0.006300000008195639,0.00570000009611249,0.0017000000225380063,0.0010000000474974513,0.010099999606609344,0.6895999908447266
141.72572326660156,0.2856000065803528,0.006200000178068876,0.00570000009611249,0.0017000000225380063,0.0008999999845400453,0.010099999606609344,0.6898000240325928
141.80908203125,0.2856000065803528,0.00559999980032444,0.006200000178068876,0.0017000000225380063,0.0008999999845400453,0.010099999606609344,0.6898999810218811
141.8924560546875,0.2854999899864197,0.00570000009611249,0.006099999882280827,0.0017000000225380063,0.0007999999797903001,0.010200000368058681,0.6899999976158142
141.97581481933594,0.28540000319480896,0.00559999980032444,0.006300000008195639,0.0015999999595806003,0.0007999999797903001,0.010200000368058681,0.6901000142097473
142.05918884277344,0.28540000319480896,0.00559999980032444,0.006300000008195639,0.0015999999595806003,0.0007999999797903001,0.010200000368058681,0.6901000142097473
142.14256286621094,0.28529998660087585,0.00559999980032444,0.006300000008195639,0.0015999999595806003,0.0007999999797903001,0.010200000368058681,0.6901999711990356
142.22593688964844,0.28529998660087585,0.005499999970197678,0.006200000178068876,0.0017000000225380063,0.0007999999797903001,0.010200000368058681,0.6902999877929688
142.30929565429688,0.28529998660087585,0.005499999970197678,0.006200000178068876,0.0015999999595806003,0.0008999999845400453,0.010200000368058681,0.6902999877929688
142.3926544189453,0.28529998660087585,0.005499999970197678,0.006200000178068876,0.0015999999595806003,0.0007999999797903001,0.010300000198185444,0.6902999877929688
142.4760284423828,0.28529998660087585,0.005400000140070915,0.006200000178068876,0.0015999999595806003,0.0007999999797903001,0.010300000198185444,0.6904000043869019
142.5594024658203,0.28529998660087585,0.005200000014156103,0.006300000008195639,0.0015999999595806003,0.0007999999797903001,0.010300000198185444,0.690500020980835
142.6427764892578,0.28529998660087585,0.005100000184029341,0.006399999838322401,0.0015999999595806003,0.0007999999797903001,0.010300000198185444,0.690500020980835
142.72613525390625,0.28529998660087585,0.005100000184029341,0.006399999838322401,0.0015999999595806003,0.0007999999797903001,0.010300000198185444,0.690500020980835
142.8094940185547,0.2851000130176544,0.0052999998442828655,0.006300000008195639,0.0015999999595806003,0.0007999999797903001,0.010300000198185444,0.6905999779701233
142.8928680419922,0.2849999964237213,0.004900000058114529,0.006599999964237213,0.0015999999595806003,0.0007999999797903001,0.010300000198185444,0.6908000111579895
142.9762420654297,0.2849999964237213,0.004900000058114529,0.006500000134110451,0.001500000013038516,0.0007999999797903001,0.010300000198185444,0.6909999847412109
143.0596160888672,0.2849999964237213,0.004900000058114529,0.006399999838322401,0.0015999999595806003,0.0007999999797903001,0.010300000198185444,0.6909999847412109
143.14297485351562,0.2849999964237213,0.004800000227987766,0.006399999838322401,0.0015999999595806003,0.0007999999797903001,0.010300000198185444,0.691100001335144
143.22634887695312,0.2849999964237213,0.004800000227987766,0.006300000008195639,0.0015999999595806003,0.0007999999797903001,0.010300000198185444,0.6912000179290771
143.30970764160156,0.2849999964237213,0.004600000102072954,0.006500000134110451,0.0015999999595806003,0.0007999999797903001,0.010300000198185444,0.6912000179290771
143.39308166503906,0.2849999964237213,0.004600000102072954,0.006300000008195639,0.0017000000225380063,0.0007999999797903001,0.010300000198185444,0.6912999749183655
143.47645568847656,0.2849000096321106,0.004699999932199717,0.006300000008195639,0.0017000000225380063,0.0007999999797903001,0.010300000198185444,0.6912999749183655
143.559814453125,0.2849000096321106,0.004699999932199717,0.006300000008195639,0.0017000000225380063,0.0007999999797903001,0.010300000198185444,0.6912999749183655
143.6431884765625,0.2847999930381775,0.004800000227987766,0.006000000052154064,0.0019000000320374966,0.0007999999797903001,0.010300000198185444,0.6913999915122986
143.72654724121094,0.2847999930381775,0.004800000227987766,0.005900000222027302,0.0019000000320374966,0.0007999999797903001,0.010300000198185444,0.6915000081062317
143.80992126464844,0.2847999930381775,0.004800000227987766,0.005900000222027302,0.0019000000320374966,0.0007999999797903001,0.010300000198185444,0.6915000081062317
143.89329528808594,0.2847999930381775,0.004699999932199717,0.005900000222027302,0.0019000000320374966,0.0007999999797903001,0.010300000198185444,0.6916000247001648
143.97665405273438,0.2847999930381775,0.004699999932199717,0.005799999926239252,0.0019000000320374966,0.0007999999797903001,0.010300000198185444,0.6916999816894531
144.06002807617188,0.2847999930381775,0.004699999932199717,0.00570000009611249,0.0017999999690800905,0.0007999999797903001,0.010300000198185444,0.6919000148773193
144.1433868408203,0.2847999930381775,0.004699999932199717,0.00559999980032444,0.0017999999690800905,0.0007999999797903001,0.010300000198185444,0.6919999718666077
144.2267608642578,0.2847000062465668,0.004600000102072954,0.00570000009611249,0.0017999999690800905,0.0007999999797903001,0.010300000198185444,0.6920999884605408
144.3101348876953,0.28459998965263367,0.00430000014603138,0.006000000052154064,0.0017999999690800905,0.0007999999797903001,0.010300000198185444,0.6922000050544739
144.39349365234375,0.28459998965263367,0.00419999985024333,0.006099999882280827,0.0017999999690800905,0.0007999999797903001,0.010300000198185444,0.6922000050544739
144.47686767578125,0.28439998626708984,0.004399999976158142,0.006000000052154064,0.0017999999690800905,0.0007999999797903001,0.010300000198185444,0.692300021648407
144.5602264404297,0.28439998626708984,0.004399999976158142,0.006000000052154064,0.0017999999690800905,0.0007999999797903001,0.010300000198185444,0.692300021648407
144.6436004638672,0.28439998626708984,0.004399999976158142,0.00570000009611249,0.0015999999595806003,0.0007999999797903001,0.010300000198185444,0.692799985408783
144.7269744873047,0.2842999994754791,0.0044999998062849045,0.00570000009611249,0.0015999999595806003,0.0007999999797903001,0.010300000198185444,0.692799985408783
144.8103485107422,0.2842999994754791,0.0044999998062849045,0.00570000009611249,0.0015999999595806003,0.0007999999797903001,0.010300000198185444,0.692799985408783
144.89370727539062,0.2842999994754791,0.004399999976158142,0.005799999926239252,0.0015999999595806003,0.0007999999797903001,0.010300000198185444,0.692799985408783
144.97706604003906,0.2842999994754791,0.004399999976158142,0.005799999926239252,0.001500000013038516,0.0007999999797903001,0.010300000198185444,0.6929000020027161
145.06044006347656,0.2842000126838684,0.0044999998062849045,0.00559999980032444,0.0013000000035390258,0.0008999999845400453,0.010300000198185444,0.6931999921798706
145.14381408691406,0.2842000126838684,0.004399999976158142,0.00570000009611249,0.0012000000569969416,0.0008999999845400453,0.010300000198185444,0.6933000087738037
145.22718811035156,0.2842000126838684,0.004399999976158142,0.00559999980032444,0.0012000000569969416,0.0008999999845400453,0.010300000198185444,0.6934000253677368
145.310546875,0.2842000126838684,0.00419999985024333,0.00570000009611249,0.0010999999940395355,0.0008999999845400453,0.010300000198185444,0.6935999989509583
145.3939208984375,0.2840999960899353,0.004100000020116568,0.005799999926239252,0.0010999999940395355,0.0008999999845400453,0.010300000198185444,0.6937000155448914
145.47727966308594,0.2840999960899353,0.0038999998942017555,0.005900000222027302,0.0012000000569969416,0.0008999999845400453,0.010300000198185444,0.6937000155448914
145.56063842773438,0.2838999927043915,0.004100000020116568,0.005900000222027302,0.0010999999940395355,0.0010000000474974513,0.010300000198185444,0.6937000155448914
145.64402770996094,0.28360000252723694,0.00430000014603138,0.006000000052154064,0.0010000000474974513,0.0010000000474974513,0.010300000198185444,0.6937999725341797
145.72738647460938,0.28360000252723694,0.00430000014603138,0.006000000052154064,0.0010000000474974513,0.0010000000474974513,0.010300000198185444,0.6937999725341797
145.81076049804688,0.28360000252723694,0.00430000014603138,0.005900000222027302,0.0010000000474974513,0.0010000000474974513,0.010300000198185444,0.6938999891281128
145.8941192626953,0.28349998593330383,0.004100000020116568,0.006099999882280827,0.0008999999845400453,0.0010999999940395355,0.010300000198185444,0.6940000057220459
145.97747802734375,0.28349998593330383,0.004100000020116568,0.006000000052154064,0.0008999999845400453,0.0010999999940395355,0.010300000198185444,0.694100022315979
146.0608673095703,0.28349998593330383,0.0038999998942017555,0.006200000178068876,0.0007999999797903001,0.0010999999940395355,0.010300000198185444,0.6941999793052673
146.14422607421875,0.28349998593330383,0.0038999998942017555,0.006099999882280827,0.0008999999845400453,0.0010999999940395355,0.010300000198185444,0.6941999793052673
146.22760009765625,0.28349998593330383,0.003800000064074993,0.006200000178068876,0.0008999999845400453,0.0010999999940395355,0.010300000198185444,0.6941999793052673
146.3109588623047,0.2833999991416931,0.0038999998942017555,0.006099999882280827,0.0008999999845400453,0.0010999999940395355,0.010300000198185444,0.6942999958992004
146.3943328857422,0.2833000123500824,0.004000000189989805,0.006000000052154064,0.0008999999845400453,0.0010999999940395355,0.010300000198185444,0.6944000124931335
146.47769165039062,0.2833000123500824,0.004000000189989805,0.006000000052154064,0.0008999999845400453,0.0010999999940395355,0.010300000198185444,0.6944000124931335
146.56106567382812,0.2831999957561493,0.004100000020116568,0.005900000222027302,0.0007999999797903001,0.0010999999940395355,0.010300000198185444,0.694599986076355
146.64443969726562,0.2831999957561493,0.004000000189989805,0.005799999926239252,0.0007999999797903001,0.0010999999940395355,0.010300000198185444,0.6948000192642212
146.72779846191406,0.2831000089645386,0.004000000189989805,0.005900000222027302,0.000699999975040555,0.0010999999940395355,0.010300000198185444,0.6948999762535095
146.81117248535156,0.28299999237060547,0.004100000020116568,0.00570000009611249,0.000699999975040555,0.0010999999940395355,0.010300000198185444,0.6951000094413757
146.89453125,0.28299999237060547,0.004100000020116568,0.00570000009611249,0.000699999975040555,0.0010999999940395355,0.010300000198185444,0.6951000094413757
146.97792053222656,0.28290000557899475,0.00419999985024333,0.00570000009611249,0.000699999975040555,0.0010999999940395355,0.010300000198185444,0.6951000094413757
147.061279296875,0.28290000557899475,0.004100000020116568,0.00570000009611249,0.0006000000284984708,0.0012000000569969416,0.010300000198185444,0.6952000260353088
147.14463806152344,0.28290000557899475,0.004100000020116568,0.00570000009611249,0.0005000000237487257,0.0013000000035390258,0.010300000198185444,0.6952000260353088
147.22801208496094,0.28290000557899475,0.004100000020116568,0.00559999980032444,0.0006000000284984708,0.0013000000035390258,0.010300000198185444,0.6952000260353088
147.31137084960938,0.28279998898506165,0.00419999985024333,0.00559999980032444,0.0006000000284984708,0.0013000000035390258,0.010300000198185444,0.6952000260353088
147.39474487304688,0.28279998898506165,0.00419999985024333,0.005400000140070915,0.0006000000284984708,0.0013000000035390258,0.010300000198185444,0.6953999996185303
147.47811889648438,0.28279998898506165,0.004100000020116568,0.005400000140070915,0.0006000000284984708,0.0013000000035390258,0.010300000198185444,0.6955000162124634
147.5614776611328,0.2827000021934509,0.004100000020116568,0.005400000140070915,0.0006000000284984708,0.0013000000035390258,0.010300000198185444,0.6955999732017517
147.6448516845703,0.2825999855995178,0.00419999985024333,0.0052999998442828655,0.0005000000237487257,0.0013000000035390258,0.010300000198185444,0.6958000063896179
147.72821044921875,0.2825999855995178,0.004000000189989805,0.005400000140070915,0.0005000000237487257,0.0013000000035390258,0.010300000198185444,0.695900022983551
147.81158447265625,0.2825999855995178,0.004000000189989805,0.005400000140070915,0.0005000000237487257,0.0013000000035390258,0.010300000198185444,0.695900022983551
147.89495849609375,0.2825999855995178,0.004000000189989805,0.0052999998442828655,0.00039999998989515007,0.0013000000035390258,0.010300000198185444,0.6960999965667725
147.97833251953125,0.2825999855995178,0.004000000189989805,0.004999999888241291,0.0005000000237487257,0.0013000000035390258,0.010300000198185444,0.6963000297546387
148.0616912841797,0.2825999855995178,0.004000000189989805,0.004999999888241291,0.0005000000237487257,0.0013000000035390258,0.010300000198185444,0.6963000297546387
148.14505004882812,0.2824999988079071,0.004100000020116568,0.004900000058114529,0.0005000000237487257,0.0013000000035390258,0.010300000198185444,0.696399986743927
148.22842407226562,0.2824999988079071,0.004100000020116568,0.004900000058114529,0.0005000000237487257,0.0013000000035390258,0.010300000198185444,0.696399986743927
148.31179809570312,0.2824999988079071,0.004100000020116568,0.004800000227987766,0.0005000000237487257,0.0012000000569969416,0.010300000198185444,0.6966000199317932
148.39517211914062,0.2824000120162964,0.00419999985024333,0.004800000227987766,0.0005000000237487257,0.0012000000569969416,0.010300000198185444,0.6966000199317932
148.47853088378906,0.2824000120162964,0.00419999985024333,0.004699999932199717,0.0005000000237487257,0.0010999999940395355,0.010300000198185444,0.6967999935150146
148.5618896484375,0.2824000120162964,0.00419999985024333,0.004600000102072954,0.0005000000237487257,0.0010999999940395355,0.010300000198185444,0.6969000101089478
148.645263671875,0.2824000120162964,0.004000000189989805,0.004699999932199717,0.0005000000237487257,0.0010000000474974513,0.010400000028312206,0.6970000267028809
148.7286376953125,0.2822999954223633,0.0038999998942017555,0.004699999932199717,0.0005000000237487257,0.0010000000474974513,0.010400000028312206,0.6972000002861023
148.81201171875,0.2822999954223633,0.0038999998942017555,0.004699999932199717,0.0005000000237487257,0.0010000000474974513,0.010400000028312206,0.6972000002861023
148.89537048339844,0.28220000863075256,0.004000000189989805,0.004699999932199717,0.0005000000237487257,0.0010000000474974513,0.010400000028312206,0.6972000002861023
148.97874450683594,0.28209999203681946,0.003800000064074993,0.004999999888241291,0.0005000000237487257,0.0008999999845400453,0.010499999858438969,0.6972000002861023
149.06210327148438,0.28200000524520874,0.003599999938160181,0.0052999998442828655,0.00039999998989515007,0.0008999999845400453,0.010499999858438969,0.6973000168800354
149.14547729492188,0.28200000524520874,0.003599999938160181,0.005200000014156103,0.00039999998989515007,0.0008999999845400453,0.010499999858438969,0.6973999738693237
149.22885131835938,0.28189998865127563,0.003700000001117587,0.004999999888241291,0.00039999998989515007,0.0008999999845400453,0.010499999858438969,0.6976000070571899
149.3122100830078,0.28189998865127563,0.003700000001117587,0.004999999888241291,0.00039999998989515007,0.0008999999845400453,0.010499999858438969,0.6976000070571899
149.3955841064453,0.2818000018596649,0.003800000064074993,0.004900000058114529,0.00039999998989515007,0.0008999999845400453,0.010499999858438969,0.697700023651123
149.47894287109375,0.2818000018596649,0.003599999938160181,0.004999999888241291,0.00039999998989515007,0.0008999999845400453,0.010499999858438969,0.6977999806404114
149.56231689453125,0.2816999852657318,0.003599999938160181,0.004800000227987766,0.00039999998989515007,0.0008999999845400453,0.010499999858438969,0.6980999708175659
149.64569091796875,0.2816999852657318,0.003599999938160181,0.004699999932199717,0.0005000000237487257,0.0008999999845400453,0.010499999858438969,0.6980999708175659
149.7290496826172,0.2816999852657318,0.0035000001080334187,0.004600000102072954,0.0006000000284984708,0.0008999999845400453,0.010499999858438969,0.698199987411499
149.8124237060547,0.2816999852657318,0.0035000001080334187,0.004399999976158142,0.0006000000284984708,0.0008999999845400453,0.010499999858438969,0.6984000205993652
149.89578247070312,0.2816999852657318,0.0035000001080334187,0.00430000014603138,0.0006000000284984708,0.0008999999845400453,0.010499999858438969,0.6984999775886536
149.97915649414062,0.2816999852657318,0.0035000001080334187,0.00430000014603138,0.0006000000284984708,0.0008999999845400453,0.010499999858438969,0.6984999775886536
150.06253051757812,0.28139999508857727,0.003800000064074993,0.00419999985024333,0.0006000000284984708,0.0008999999845400453,0.010499999858438969,0.6985999941825867
150.14588928222656,0.28139999508857727,0.003800000064074993,0.00419999985024333,0.0006000000284984708,0.0008999999845400453,0.010499999858438969,0.6985999941825867
150.22926330566406,0.28139999508857727,0.003800000064074993,0.00419999985024333,0.0006000000284984708,0.0008999999845400453,0.010499999858438969,0.6985999941825867
150.3126220703125,0.28139999508857727,0.003700000001117587,0.00430000014603138,0.0006000000284984708,0.0007999999797903001,0.010499999858438969,0.6987000107765198
150.39599609375,0.28139999508857727,0.003599999938160181,0.00430000014603138,0.0006000000284984708,0.0007999999797903001,0.010499999858438969,0.6988000273704529
150.4793701171875,0.28139999508857727,0.003599999938160181,0.00419999985024333,0.0006000000284984708,0.0007999999797903001,0.010499999858438969,0.6988999843597412
150.562744140625,0.28139999508857727,0.0035000001080334187,0.00430000014603138,0.0006000000284984708,0.000699999975040555,0.010499999858438969,0.6990000009536743
150.64610290527344,0.28139999508857727,0.0034000000450760126,0.00430000014603138,0.0006000000284984708,0.000699999975040555,0.010499999858438969,0.6991000175476074
150.72946166992188,0.28119999170303345,0.0035000001080334187,0.004399999976158142,0.0006000000284984708,0.000699999975040555,0.010499999858438969,0.6991000175476074
150.81283569335938,0.28119999170303345,0.0035000001080334187,0.00419999985024333,0.00039999998989515007,0.0007999999797903001,0.010499999858438969,0.699400007724762
150.89620971679688,0.28119999170303345,0.0035000001080334187,0.004100000020116568,0.00039999998989515007,0.0007999999797903001,0.010499999858438969,0.6995000243186951
150.97958374023438,0.28110000491142273,0.003599999938160181,0.004100000020116568,0.00039999998989515007,0.0007999999797903001,0.010499999858438969,0.6995000243186951
151.0629425048828,0.28110000491142273,0.0034000000450760126,0.004100000020116568,0.00039999998989515007,0.0007999999797903001,0.010499999858438969,0.6996999979019165
151.1463165283203,0.2809999883174896,0.0034000000450760126,0.004100000020116568,0.0005000000237487257,0.0007999999797903001,0.010499999858438969,0.6996999979019165
151.22967529296875,0.2809999883174896,0.0034000000450760126,0.004100000020116568,0.0005000000237487257,0.0007999999797903001,0.010499999858438969,0.6996999979019165
151.31304931640625,0.2809999883174896,0.0034000000450760126,0.004100000020116568,0.0005000000237487257,0.0007999999797903001,0.010499999858438969,0.6996999979019165
151.39642333984375,0.2809999883174896,0.0034000000450760126,0.004100000020116568,0.0005000000237487257,0.0007999999797903001,0.010499999858438969,0.6996999979019165
151.4797821044922,0.2809999883174896,0.0034000000450760126,0.004100000020116568,0.0005000000237487257,0.0007999999797903001,0.010499999858438969,0.6996999979019165
151.5631561279297,0.2809999883174896,0.0034000000450760126,0.004100000020116568,0.0005000000237487257,0.0007999999797903001,0.010499999858438969,0.6996999979019165
151.64651489257812,0.2809999883174896,0.003100000089034438,0.004399999976158142,0.0005000000237487257,0.0007999999797903001,0.010499999858438969,0.6996999979019165
151.72988891601562,0.2809999883174896,0.002899999963119626,0.004600000102072954,0.00039999998989515007,0.0008999999845400453,0.010499999858438969,0.6996999979019165
151.81326293945312,0.2809999883174896,0.0027000000700354576,0.004800000227987766,0.00039999998989515007,0.0008999999845400453,0.010499999858438969,0.6996999979019165
151.89662170410156,0.2809999883174896,0.0027000000700354576,0.004800000227987766,0.00039999998989515007,0.0007999999797903001,0.010499999858438969,0.6998000144958496
151.97999572753906,0.2809999883174896,0.0027000000700354576,0.004800000227987766,0.00039999998989515007,0.0007999999797903001,0.010499999858438969,0.6998000144958496
152.0633544921875,0.2806999981403351,0.003000000026077032,0.004699999932199717,0.00039999998989515007,0.0007999999797903001,0.010499999858438969,0.6998999714851379
152.146728515625,0.2806999981403351,0.003000000026077032,0.004699999932199717,0.00039999998989515007,0.0007999999797903001,0.010499999858438969,0.6998999714851379
152.2301025390625,0.28060001134872437,0.003100000089034438,0.004699999932199717,0.00039999998989515007,0.0007999999797903001,0.010499999858438969,0.6998999714851379
152.31346130371094,0.28060001134872437,0.003100000089034438,0.004399999976158142,0.00039999998989515007,0.000699999975040555,0.010499999858438969,0.7002999782562256
152.39683532714844,0.28049999475479126,0.002899999963119626,0.0044999998062849045,0.0005000000237487257,0.000699999975040555,0.010499999858438969,0.7003999948501587
152.48019409179688,0.28040000796318054,0.003000000026077032,0.0044999998062849045,0.00039999998989515007,0.0007999999797903001,0.010499999858438969,0.7003999948501587
152.56356811523438,0.28040000796318054,0.003000000026077032,0.0044999998062849045,0.00039999998989515007,0.000699999975040555,0.010499999858438969,0.7005000114440918
152.64694213867188,0.28040000796318054,0.002899999963119626,0.0044999998062849045,0.00039999998989515007,0.000699999975040555,0.010499999858438969,0.7006000280380249
152.73031616210938,0.28040000796318054,0.00279999990016222,0.0044999998062849045,0.00039999998989515007,0.000699999975040555,0.010499999858438969,0.7006999850273132
152.8136749267578,0.28029999136924744,0.002899999963119626,0.0044999998062849045,0.00039999998989515007,0.000699999975040555,0.010499999858438969,0.7006999850273132
152.89703369140625,0.28029999136924744,0.002899999963119626,0.0044999998062849045,0.00039999998989515007,0.000699999975040555,0.010499999858438969,0.7006999850273132
152.98040771484375,0.2802000045776367,0.003000000026077032,0.0044999998062849045,0.00039999998989515007,0.000699999975040555,0.010499999858438969,0.7006999850273132
153.06378173828125,0.2802000045776367,0.003000000026077032,0.0044999998062849045,0.00039999998989515007,0.000699999975040555,0.010499999858438969,0.7006999850273132
153.14715576171875,0.2802000045776367,0.003000000026077032,0.004399999976158142,0.00039999998989515007,0.0006000000284984708,0.010599999688565731,0.7008000016212463
153.2305145263672,0.2802000045776367,0.003000000026077032,0.004399999976158142,0.00039999998989515007,0.0006000000284984708,0.010599999688565731,0.7008000016212463
153.31387329101562,0.2802000045776367,0.003000000026077032,0.00430000014603138,0.00039999998989515007,0.0006000000284984708,0.010599999688565731,0.7009000182151794
153.39724731445312,0.2802000045776367,0.003000000026077032,0.004100000020116568,0.00039999998989515007,0.0006000000284984708,0.010599999688565731,0.7010999917984009
153.48060607910156,0.2800999879837036,0.003100000089034438,0.004100000020116568,0.00039999998989515007,0.0006000000284984708,0.010599999688565731,0.7010999917984009
153.56399536132812,0.2800999879837036,0.003100000089034438,0.004000000189989805,0.00039999998989515007,0.0006000000284984708,0.010599999688565731,0.701200008392334
153.64735412597656,0.2800999879837036,0.003100000089034438,0.004000000189989805,0.00039999998989515007,0.0006000000284984708,0.010599999688565731,0.701200008392334
153.73072814941406,0.2800999879837036,0.003100000089034438,0.004000000189989805,0.00039999998989515007,0.0005000000237487257,0.010599999688565731,0.7013000249862671
153.8140869140625,0.2800999879837036,0.003000000026077032,0.004100000020116568,0.00039999998989515007,0.0005000000237487257,0.010599999688565731,0.7013000249862671
153.89744567871094,0.2800999879837036,0.002899999963119626,0.004100000020116568,0.00039999998989515007,0.0005000000237487257,0.010599999688565731,0.7013999819755554
153.9808349609375,0.2800999879837036,0.002899999963119626,0.004000000189989805,0.0005000000237487257,0.0005000000237487257,0.010599999688565731,0.7013999819755554
154.06419372558594,0.2800999879837036,0.002899999963119626,0.0038999998942017555,0.0005000000237487257,0.0005000000237487257,0.010599999688565731,0.7014999985694885
154.14756774902344,0.2800999879837036,0.002899999963119626,0.003800000064074993,0.0006000000284984708,0.0005000000237487257,0.010599999688565731,0.7014999985694885
154.23092651367188,0.2800000011920929,0.003000000026077032,0.003700000001117587,0.0006000000284984708,0.00039999998989515007,0.010599999688565731,0.70169997215271
154.31430053710938,0.2800000011920929,0.002899999963119626,0.003800000064074993,0.0006000000284984708,0.00039999998989515007,0.010599999688565731,0.70169997215271
154.3976593017578,0.2800000011920929,0.00279999990016222,0.0038999998942017555,0.0006000000284984708,0.00039999998989515007,0.010599999688565731,0.70169997215271
154.4810333251953,0.2800000011920929,0.00279999990016222,0.0038999998942017555,0.0006000000284984708,0.00039999998989515007,0.010599999688565731,0.70169997215271
154.5644073486328,0.2800000011920929,0.00279999990016222,0.0038999998942017555,0.0006000000284984708,0.00039999998989515007,0.010599999688565731,0.70169997215271
154.64776611328125,0.2799000144004822,0.002899999963119626,0.0038999998942017555,0.0006000000284984708,0.00039999998989515007,0.010599999688565731,0.70169997215271
154.73114013671875,0.2799000144004822,0.002899999963119626,0.0038999998942017555,0.0006000000284984708,0.00039999998989515007,0.010599999688565731,0.70169997215271
154.8144989013672,0.2799000144004822,0.002899999963119626,0.0035000001080334187,0.000699999975040555,0.00039999998989515007,0.010599999688565731,0.7020000219345093
154.8978729248047,0.2799000144004822,0.002899999963119626,0.0034000000450760126,0.000699999975040555,0.00039999998989515007,0.010599999688565731,0.7020999789237976
154.9812469482422,0.2799000144004822,0.0026000000070780516,0.003700000001117587,0.000699999975040555,0.00039999998989515007,0.010599999688565731,0.7020999789237976
155.06460571289062,0.2799000144004822,0.0026000000070780516,0.003700000001117587,0.000699999975040555,0.00039999998989515007,0.010599999688565731,0.7020999789237976
155.14797973632812,0.2799000144004822,0.0026000000070780516,0.003599999938160181,0.0007999999797903001,0.00039999998989515007,0.010599999688565731,0.7020999789237976
155.23133850097656,0.2797999978065491,0.0026000000070780516,0.003599999938160181,0.0007999999797903001,0.00039999998989515007,0.010599999688565731,0.7021999955177307
155.31471252441406,0.2797999978065491,0.0026000000070780516,0.003599999938160181,0.0007999999797903001,0.00039999998989515007,0.010599999688565731,0.7021999955177307
155.39808654785156,0.27970001101493835,0.0027000000700354576,0.0035000001080334187,0.000699999975040555,0.00039999998989515007,0.010599999688565731,0.7024000287055969
155.4814453125,0.27970001101493835,0.0024999999441206455,0.003599999938160181,0.000699999975040555,0.00039999998989515007,0.010599999688565731,0.7024999856948853
155.5648193359375,0.27970001101493835,0.0024999999441206455,0.003599999938160181,0.000699999975040555,0.0003000000142492354,0.010599999688565731,0.7026000022888184
155.64817810058594,0.27970001101493835,0.0024999999441206455,0.003599999938160181,0.0006000000284984708,0.0003000000142492354,0.010599999688565731,0.7027000188827515
155.73155212402344,0.27970001101493835,0.002199999988079071,0.0038999998942017555,0.0006000000284984708,0.0003000000142492354,0.010599999688565731,0.7027000188827515
155.81492614746094,0.27970001101493835,0.002099999925121665,0.0038999998942017555,0.000699999975040555,0.0003000000142492354,0.010599999688565731,0.7027000188827515
155.89830017089844,0.27959999442100525,0.002199999988079071,0.0038999998942017555,0.000699999975040555,0.0003000000142492354,0.010599999688565731,0.7027000188827515
155.98165893554688,0.27950000762939453,0.002300000051036477,0.003800000064074993,0.000699999975040555,0.0003000000142492354,0.010599999688565731,0.7027999758720398
156.0650177001953,0.27950000762939453,0.002300000051036477,0.003800000064074993,0.000699999975040555,0.0003000000142492354,0.010599999688565731,0.7027999758720398
156.1483917236328,0.27950000762939453,0.002300000051036477,0.003800000064074993,0.000699999975040555,0.0003000000142492354,0.010599999688565731,0.7027999758720398
156.2317657470703,0.27950000762939453,0.0019000000320374966,0.004000000189989805,0.000699999975040555,0.0003000000142492354,0.010599999688565731,0.703000009059906
156.3151397705078,0.27950000762939453,0.0019000000320374966,0.004000000189989805,0.000699999975040555,0.0003000000142492354,0.010599999688565731,0.703000009059906
156.39849853515625,0.27950000762939453,0.0019000000320374966,0.0038999998942017555,0.000699999975040555,0.0003000000142492354,0.010599999688565731,0.7031000256538391
156.4818572998047,0.2793999910354614,0.0020000000949949026,0.003800000064074993,0.0007999999797903001,0.0003000000142492354,0.010599999688565731,0.7031000256538391
156.5652313232422,0.2793000042438507,0.0020000000949949026,0.003800000064074993,0.0007999999797903001,0.0003000000142492354,0.010599999688565731,0.7031999826431274
156.6486053466797,0.2793000042438507,0.0019000000320374966,0.0038999998942017555,0.0007999999797903001,0.0003000000142492354,0.010599999688565731,0.7031999826431274
156.7319793701172,0.2793000042438507,0.0017999999690800905,0.004000000189989805,0.0007999999797903001,0.0003000000142492354,0.010599999688565731,0.7031999826431274
156.81533813476562,0.2793000042438507,0.0017999999690800905,0.0038999998942017555,0.0007999999797903001,0.0003000000142492354,0.010599999688565731,0.7032999992370605
156.89871215820312,0.2793000042438507,0.0017999999690800905,0.003800000064074993,0.0008999999845400453,0.0003000000142492354,0.010599999688565731,0.7032999992370605
156.98207092285156,0.2793000042438507,0.0017999999690800905,0.003700000001117587,0.0007999999797903001,0.0003000000142492354,0.010599999688565731,0.703499972820282
157.06544494628906,0.2793000042438507,0.0017999999690800905,0.003700000001117587,0.0007999999797903001,0.0003000000142492354,0.010599999688565731,0.703499972820282
157.14881896972656,0.2791999876499176,0.0019000000320374966,0.003700000001117587,0.0007999999797903001,0.0003000000142492354,0.010599999688565731,0.703499972820282
157.232177734375,0.2791000008583069,0.0020000000949949026,0.003700000001117587,0.0007999999797903001,0.0003000000142492354,0.010599999688565731,0.703499972820282
157.3155517578125,0.2791000008583069,0.0020000000949949026,0.003700000001117587,0.0007999999797903001,0.0003000000142492354,0.010599999688565731,0.703499972820282
157.39891052246094,0.27900001406669617,0.002099999925121665,0.003700000001117587,0.0007999999797903001,0.0003000000142492354,0.010599999688565731,0.703499972820282
157.48228454589844,0.27900001406669617,0.002099999925121665,0.003599999938160181,0.0007999999797903001,0.0003000000142492354,0.010599999688565731,0.7035999894142151
157.56565856933594,0.27900001406669617,0.002099999925121665,0.003599999938160181,0.0007999999797903001,0.0003000000142492354,0.010599999688565731,0.7035999894142151
157.64901733398438,0.27880001068115234,0.002199999988079071,0.003599999938160181,0.0008999999845400453,0.0003000000142492354,0.010599999688565731,0.7035999894142151
157.73239135742188,0.27880001068115234,0.002199999988079071,0.003599999938160181,0.0008999999845400453,0.0003000000142492354,0.010599999688565731,0.7035999894142151
157.8157501220703,0.27869999408721924,0.002300000051036477,0.003599999938160181,0.0008999999845400453,0.0003000000142492354,0.010599999688565731,0.7035999894142151
157.8991241455078,0.27869999408721924,0.002199999988079071,0.003700000001117587,0.0008999999845400453,0.0003000000142492354,0.010599999688565731,0.7035999894142151
157.9824981689453,0.27869999408721924,0.002199999988079071,0.0035000001080334187,0.0010000000474974513,0.0003000000142492354,0.010599999688565731,0.7037000060081482
158.06585693359375,0.27869999408721924,0.002199999988079071,0.0035000001080334187,0.0010000000474974513,0.0003000000142492354,0.010599999688565731,0.7037000060081482
158.14923095703125,0.27869999408721924,0.002099999925121665,0.0035000001080334187,0.0010000000474974513,0.0003000000142492354,0.010599999688565731,0.7038000226020813
158.2325897216797,0.27869999408721924,0.002099999925121665,0.0035000001080334187,0.0010000000474974513,0.00019999999494757503,0.010599999688565731,0.7038999795913696
158.3159637451172,0.27869999408721924,0.002099999925121665,0.0035000001080334187,0.0010000000474974513,0.00019999999494757503,0.010599999688565731,0.7038999795913696
158.3993377685547,0.27869999408721924,0.002099999925121665,0.0034000000450760126,0.0010999999940395355,0.00019999999494757503,0.010599999688565731,0.7038999795913696
158.4827117919922,0.27869999408721924,0.002099999925121665,0.0032999999821186066,0.0012000000569969416,0.00019999999494757503,0.010599999688565731,0.7038999795913696
158.56607055664062,0.2786000072956085,0.002199999988079071,0.0032999999821186066,0.0012000000569969416,0.00019999999494757503,0.010599999688565731,0.7038999795913696
158.64942932128906,0.2784999907016754,0.002099999925121665,0.0035000001080334187,0.0010000000474974513,0.00039999998989515007,0.010599999688565731,0.7038999795913696
158.73280334472656,0.2784999907016754,0.002099999925121665,0.0035000001080334187,0.0010000000474974513,0.00039999998989515007,0.010599999688565731,0.7038999795913696
158.81617736816406,0.2784000039100647,0.002199999988079071,0.0034000000450760126,0.0010000000474974513,0.00039999998989515007,0.010599999688565731,0.7039999961853027
158.89955139160156,0.2782999873161316,0.002199999988079071,0.0035000001080334187,0.0010000000474974513,0.00039999998989515007,0.010599999688565731,0.7039999961853027
158.98291015625,0.2782999873161316,0.002199999988079071,0.0035000001080334187,0.0010000000474974513,0.00039999998989515007,0.010599999688565731,0.7039999961853027
159.06626892089844,0.2782999873161316,0.002199999988079071,0.0035000001080334187,0.0010000000474974513,0.00039999998989515007,0.010599999688565731,0.7039999961853027
159.14964294433594,0.2782999873161316,0.002099999925121665,0.003599999938160181,0.0008999999845400453,0.00039999998989515007,0.010599999688565731,0.7041000127792358
159.23301696777344,0.2782999873161316,0.002099999925121665,0.0035000001080334187,0.0008999999845400453,0.00039999998989515007,0.010599999688565731,0.704200029373169
159.31639099121094,0.2782999873161316,0.0020000000949949026,0.0035000001080334187,0.0008999999845400453,0.00039999998989515007,0.010599999688565731,0.7042999863624573
159.39974975585938,0.2782000005245209,0.002099999925121665,0.0032999999821186066,0.0010000000474974513,0.00039999998989515007,0.010599999688565731,0.7044000029563904
159.48312377929688,0.2782000005245209,0.002099999925121665,0.0032999999821186066,0.0010000000474974513,0.00039999998989515007,0.010599999688565731,0.7044000029563904
159.5664825439453,0.27810001373291016,0.002199999988079071,0.0031999999191612005,0.0010999999940395355,0.00039999998989515007,0.010599999688565731,0.7044000029563904
159.64984130859375,0.27810001373291016,0.002199999988079071,0.0031999999191612005,0.0010999999940395355,0.00039999998989515007,0.010599999688565731,0.7044000029563904
159.7332305908203,0.27810001373291016,0.002199999988079071,0.003000000026077032,0.0012000000569969416,0.00039999998989515007,0.010599999688565731,0.7045000195503235
159.81658935546875,0.27810001373291016,0.002199999988079071,0.002899999963119626,0.0012000000569969416,0.00039999998989515007,0.010599999688565731,0.7045999765396118
159.89996337890625,0.27810001373291016,0.002199999988079071,0.002899999963119626,0.0012000000569969416,0.00039999998989515007,0.010599999688565731,0.7045999765396118
159.9833221435547,0.27810001373291016,0.002199999988079071,0.00279999990016222,0.0010999999940395355,0.00039999998989515007,0.010599999688565731,0.704800009727478
160.0666961669922,0.27810001373291016,0.002099999925121665,0.002899999963119626,0.0010999999940395355,0.00039999998989515007,0.010599999688565731,0.704800009727478
160.1500701904297,0.27810001373291016,0.002099999925121665,0.00279999990016222,0.0010999999940395355,0.00039999998989515007,0.010599999688565731,0.7049000263214111
160.23342895507812,0.27810001373291016,0.002099999925121665,0.0027000000700354576,0.0012000000569969416,0.00039999998989515007,0.010599999688565731,0.7049000263214111
160.31680297851562,0.27810001373291016,0.002099999925121665,0.0027000000700354576,0.0012000000569969416,0.00039999998989515007,0.010599999688565731,0.7049000263214111
160.40016174316406,0.27810001373291016,0.002099999925121665,0.0027000000700354576,0.0012000000569969416,0.00039999998989515007,0.010599999688565731,0.7049000263214111
160.48353576660156,0.27799999713897705,0.002199999988079071,0.0026000000070780516,0.0010000000474974513,0.0005000000237487257,0.010599999688565731,0.7050999999046326
160.56689453125,0.27799999713897705,0.002099999925121665,0.0027000000700354576,0.0010000000474974513,0.0005000000237487257,0.010599999688565731,0.7050999999046326
160.6502685546875,0.27799999713897705,0.002099999925121665,0.0024999999441206455,0.0012000000569969416,0.0005000000237487257,0.010599999688565731,0.7050999999046326
160.733642578125,0.27799999713897705,0.0020000000949949026,0.0026000000070780516,0.0012000000569969416,0.0005000000237487257,0.010599999688565731,0.7050999999046326
160.81700134277344,0.27799999713897705,0.0020000000949949026,0.002300000051036477,0.0012000000569969416,0.0005000000237487257,0.010599999688565731,0.7053999900817871
160.90037536621094,0.27799999713897705,0.0020000000949949026,0.002300000051036477,0.0012000000569969416,0.0005000000237487257,0.010599999688565731,0.7053999900817871
160.98373413085938,0.27790001034736633,0.002099999925121665,0.002300000051036477,0.0012000000569969416,0.0005000000237487257,0.010599999688565731,0.7053999900817871
161.06712341308594,0.2777999937534332,0.002199999988079071,0.002300000051036477,0.0012000000569969416,0.0005000000237487257,0.010599999688565731,0.7053999900817871
161.15048217773438,0.2777999937534332,0.002199999988079071,0.002300000051036477,0.0012000000569969416,0.0005000000237487257,0.010599999688565731,0.7053999900817871
161.2338409423828,0.2777000069618225,0.002300000051036477,0.002300000051036477,0.0012000000569969416,0.0005000000237487257,0.010599999688565731,0.7053999900817871
161.3172149658203,0.2775999903678894,0.002300000051036477,0.002300000051036477,0.0012000000569969416,0.0005000000237487257,0.010599999688565731,0.7055000066757202
161.40057373046875,0.2775999903678894,0.002300000051036477,0.002199999988079071,0.0012000000569969416,0.0005000000237487257,0.010599999688565731,0.7056000232696533
161.48394775390625,0.2775999903678894,0.002300000051036477,0.002199999988079071,0.0012000000569969416,0.0005000000237487257,0.010599999688565731,0.7056000232696533
161.56732177734375,0.2775999903678894,0.002300000051036477,0.002199999988079071,0.0010999999940395355,0.0005000000237487257,0.010599999688565731,0.7056999802589417
161.65069580078125,0.2775999903678894,0.002300000051036477,0.002199999988079071,0.0010999999940395355,0.0005000000237487257,0.010599999688565731,0.7056999802589417
161.7340545654297,0.2775000035762787,0.0020000000949949026,0.0024999999441206455,0.0010000000474974513,0.0005000000237487257,0.010599999688565731,0.7059000134468079
161.81741333007812,0.2775000035762787,0.0017999999690800905,0.0027000000700354576,0.0010000000474974513,0.0005000000237487257,0.010599999688565731,0.7059000134468079
161.90078735351562,0.2775000035762787,0.0017999999690800905,0.0027000000700354576,0.0008999999845400453,0.0006000000284984708,0.010599999688565731,0.7059000134468079
161.98416137695312,0.2775000035762787,0.0017999999690800905,0.0027000000700354576,0.0008999999845400453,0.0005000000237487257,0.010599999688565731,0.7059999704360962
162.06753540039062,0.2775000035762787,0.0017999999690800905,0.0026000000070780516,0.0010000000474974513,0.0005000000237487257,0.010599999688565731,0.7059999704360962
162.15089416503906,0.2775000035762787,0.0017000000225380063,0.0027000000700354576,0.0010000000474974513,0.0005000000237487257,0.010599999688565731,0.7059999704360962
162.2342529296875,0.2775000035762787,0.0017000000225380063,0.0027000000700354576,0.0010000000474974513,0.0005000000237487257,0.010599999688565731,0.7059999704360962
162.317626953125,0.2775000035762787,0.0017000000225380063,0.0027000000700354576,0.0008999999845400453,0.0005000000237487257,0.010599999688565731,0.7060999870300293
162.4010009765625,0.2773999869823456,0.0017999999690800905,0.0027000000700354576,0.0008999999845400453,0.0005000000237487257,0.010599999688565731,0.7060999870300293
162.484375,0.2773999869823456,0.0017999999690800905,0.0027000000700354576,0.0008999999845400453,0.0005000000237487257,0.010599999688565731,0.7060999870300293
162.56773376464844,0.27730000019073486,0.0019000000320374966,0.0026000000070780516,0.0008999999845400453,0.0005000000237487257,0.010599999688565731,0.7062000036239624
162.65110778808594,0.27720001339912415,0.0020000000949949026,0.0026000000070780516,0.0008999999845400453,0.0005000000237487257,0.010599999688565731,0.7062000036239624
162.73446655273438,0.27720001339912415,0.0020000000949949026,0.0026000000070780516,0.0008999999845400453,0.0005000000237487257,0.010599999688565731,0.7062000036239624
162.81784057617188,0.27720001339912415,0.0020000000949949026,0.0026000000070780516,0.0008999999845400453,0.0005000000237487257,0.010599999688565731,0.7062000036239624
162.90121459960938,0.27720001339912415,0.0020000000949949026,0.0026000000070780516,0.0008999999845400453,0.0005000000237487257,0.010599999688565731,0.7062000036239624
162.9845733642578,0.27709999680519104,0.002099999925121665,0.0024999999441206455,0.0008999999845400453,0.0005000000237487257,0.010599999688565731,0.7063000202178955
163.0679473876953,0.2770000100135803,0.002199999988079071,0.0024999999441206455,0.0008999999845400453,0.0005000000237487257,0.010599999688565731,0.7063000202178955
163.15130615234375,0.2770000100135803,0.002199999988079071,0.0024999999441206455,0.0007999999797903001,0.0005000000237487257,0.010599999688565731,0.7063999772071838
163.23468017578125,0.2770000100135803,0.002199999988079071,0.0024999999441206455,0.0007999999797903001,0.0005000000237487257,0.010599999688565731,0.7063999772071838
163.31805419921875,0.2770000100135803,0.002199999988079071,0.0024999999441206455,0.0007999999797903001,0.0005000000237487257,0.010599999688565731,0.7063999772071838
163.4014129638672,0.2770000100135803,0.002199999988079071,0.0024999999441206455,0.0007999999797903001,0.0005000000237487257,0.010599999688565731,0.7063999772071838
163.4847869873047,0.2768999934196472,0.002300000051036477,0.002400000113993883,0.0007999999797903001,0.0005000000237487257,0.010599999688565731,0.7064999938011169
163.56814575195312,0.2768999934196472,0.002199999988079071,0.0024999999441206455,0.0007999999797903001,0.00039999998989515007,0.010599999688565731,0.70660001039505
163.65151977539062,0.2768999934196472,0.002099999925121665,0.0024999999441206455,0.0007999999797903001,0.00039999998989515007,0.010599999688565731,0.7067000269889832
163.73489379882812,0.2768999934196472,0.0017999999690800905,0.0027000000700354576,0.0007999999797903001,0.00039999998989515007,0.010599999688565731,0.7067999839782715
163.81825256347656,0.2766999900341034,0.0020000000949949026,0.0026000000070780516,0.0008999999845400453,0.00039999998989515007,0.010599999688565731,0.7067999839782715
163.90162658691406,0.2766999900341034,0.0020000000949949026,0.0026000000070780516,0.0008999999845400453,0.00039999998989515007,0.010599999688565731,0.7067999839782715
163.9849853515625,0.2766000032424927,0.002099999925121665,0.0026000000070780516,0.0008999999845400453,0.00039999998989515007,0.010599999688565731,0.7067999839782715
164.068359375,0.2766000032424927,0.002099999925121665,0.0026000000070780516,0.0008999999845400453,0.00039999998989515007,0.010599999688565731,0.7067999839782715
164.1517333984375,0.2766000032424927,0.002099999925121665,0.0024999999441206455,0.0010000000474974513,0.00039999998989515007,0.010599999688565731,0.7067999839782715
164.235107421875,0.2766000032424927,0.002099999925121665,0.002400000113993883,0.0010999999940395355,0.00039999998989515007,0.010599999688565731,0.7067999839782715
164.31846618652344,0.2766000032424927,0.002099999925121665,0.002300000051036477,0.0010999999940395355,0.00039999998989515007,0.010599999688565731,0.7069000005722046
164.40182495117188,0.2766000032424927,0.002099999925121665,0.002300000051036477,0.0010999999940395355,0.00039999998989515007,0.010599999688565731,0.7069000005722046
164.48519897460938,0.27649998664855957,0.0020000000949949026,0.0024999999441206455,0.0010999999940395355,0.00039999998989515007,0.010599999688565731,0.7069000005722046
164.56857299804688,0.27649998664855957,0.0020000000949949026,0.0024999999441206455,0.0010999999940395355,0.00039999998989515007,0.010599999688565731,0.7069000005722046
164.65194702148438,0.27649998664855957,0.0020000000949949026,0.002400000113993883,0.0010999999940395355,0.00039999998989515007,0.010599999688565731,0.7070000171661377
164.7353057861328,0.27649998664855957,0.0020000000949949026,0.002400000113993883,0.0010999999940395355,0.00039999998989515007,0.010599999688565731,0.7070000171661377
164.8186798095703,0.27649998664855957,0.0020000000949949026,0.002400000113993883,0.0010999999940395355,0.00039999998989515007,0.010599999688565731,0.7070000171661377
164.90203857421875,0.27649998664855957,0.0020000000949949026,0.002400000113993883,0.0010999999940395355,0.00039999998989515007,0.010599999688565731,0.7070000171661377
164.98541259765625,0.27639999985694885,0.0020000000949949026,0.002400000113993883,0.0012000000569969416,0.00039999998989515007,0.010599999688565731,0.7070000171661377
165.06878662109375,0.27639999985694885,0.0019000000320374966,0.0024999999441206455,0.0010999999940395355,0.00039999998989515007,0.010599999688565731,0.707099974155426
165.1521453857422,0.27639999985694885,0.0019000000320374966,0.0024999999441206455,0.0010999999940395355,0.00039999998989515007,0.010599999688565731,0.707099974155426
165.2355194091797,0.27639999985694885,0.0017999999690800905,0.0026000000070780516,0.0010999999940395355,0.00039999998989515007,0.010599999688565731,0.707099974155426
165.31887817382812,0.27630001306533813,0.0019000000320374966,0.002400000113993883,0.0012000000569969416,0.00039999998989515007,0.010599999688565731,0.7071999907493591
165.40225219726562,0.27630001306533813,0.0017999999690800905,0.0024999999441206455,0.0012000000569969416,0.00039999998989515007,0.010599999688565731,0.7071999907493591
165.48562622070312,0.27630001306533813,0.0017999999690800905,0.0024999999441206455,0.0012000000569969416,0.00039999998989515007,0.010599999688565731,0.7071999907493591
165.56898498535156,0.27619999647140503,0.0017999999690800905,0.0026000000070780516,0.0012000000569969416,0.00039999998989515007,0.010599999688565731,0.7071999907493591
165.65235900878906,0.27619999647140503,0.0017999999690800905,0.0024999999441206455,0.0012000000569969416,0.00039999998989515007,0.010599999688565731,0.7073000073432922
165.7357177734375,0.27619999647140503,0.0017999999690800905,0.0024999999441206455,0.0012000000569969416,0.00039999998989515007,0.010599999688565731,0.7073000073432922
165.819091796875,0.27619999647140503,0.0017999999690800905,0.002400000113993883,0.0012000000569969416,0.00039999998989515007,0.010599999688565731,0.7074000239372253
165.9024658203125,0.27619999647140503,0.0017999999690800905,0.002400000113993883,0.0010999999940395355,0.00039999998989515007,0.010599999688565731,0.7074999809265137
165.98582458496094,0.27619999647140503,0.0017999999690800905,0.002300000051036477,0.0012000000569969416,0.00039999998989515007,0.010599999688565731,0.7074999809265137
166.06919860839844,0.27619999647140503,0.0017000000225380063,0.002400000113993883,0.0012000000569969416,0.00039999998989515007,0.010599999688565731,0.7074999809265137
166.15255737304688,0.2761000096797943,0.0017999999690800905,0.002300000051036477,0.0013000000035390258,0.00039999998989515007,0.010599999688565731,0.7074999809265137
166.23593139648438,0.2761000096797943,0.0017999999690800905,0.002199999988079071,0.0013000000035390258,0.00039999998989515007,0.010599999688565731,0.7075999975204468
166.31930541992188,0.2761000096797943,0.0017999999690800905,0.002099999925121665,0.0013000000035390258,0.0003000000142492354,0.010599999688565731,0.7077999711036682
166.40267944335938,0.2761000096797943,0.0017000000225380063,0.002199999988079071,0.0013000000035390258,0.0003000000142492354,0.010599999688565731,0.7077999711036682
166.4860382080078,0.2761000096797943,0.0015999999595806003,0.002300000051036477,0.0013000000035390258,0.0003000000142492354,0.010599999688565731,0.7077999711036682
166.56939697265625,0.2761000096797943,0.001500000013038516,0.002300000051036477,0.0013000000035390258,0.0003000000142492354,0.010599999688565731,0.7078999876976013
166.65277099609375,0.2761000096797943,0.001500000013038516,0.002199999988079071,0.0013000000035390258,0.0003000000142492354,0.010599999688565731,0.7080000042915344
166.73614501953125,0.2761000096797943,0.001500000013038516,0.002099999925121665,0.0013000000035390258,0.0003000000142492354,0.010599999688565731,0.7081000208854675
166.81951904296875,0.2761000096797943,0.001500000013038516,0.0020000000949949026,0.0013000000035390258,0.0003000000142492354,0.010599999688565731,0.7081999778747559
166.9028778076172,0.2761000096797943,0.001500000013038516,0.0020000000949949026,0.0013000000035390258,0.0003000000142492354,0.010599999688565731,0.7081999778747559
166.98623657226562,0.2761000096797943,0.001500000013038516,0.0019000000320374966,0.0013000000035390258,0.0003000000142492354,0.010599999688565731,0.708299994468689
167.06961059570312,0.2761000096797943,0.001500000013038516,0.0019000000320374966,0.0013000000035390258,0.0003000000142492354,0.010599999688565731,0.708299994468689
167.15298461914062,0.2761000096797943,0.001500000013038516,0.0019000000320374966,0.0013000000035390258,0.0003000000142492354,0.010599999688565731,0.708299994468689
167.23635864257812,0.2761000096797943,0.001500000013038516,0.0019000000320374966,0.0013000000035390258,0.0003000000142492354,0.010599999688565731,0.708299994468689
167.31971740722656,0.2759999930858612,0.0015999999595806003,0.0019000000320374966,0.0013000000035390258,0.0003000000142492354,0.010599999688565731,0.708299994468689
167.40309143066406,0.2759999930858612,0.001500000013038516,0.0020000000949949026,0.0013000000035390258,0.0003000000142492354,0.010599999688565731,0.708299994468689
167.4864501953125,0.2759999930858612,0.00139999995008111,0.002099999925121665,0.0012000000569969416,0.0003000000142492354,0.010599999688565731,0.7084000110626221
167.56980895996094,0.2759999930858612,0.00139999995008111,0.002099999925121665,0.0012000000569969416,0.0003000000142492354,0.010599999688565731,0.7084000110626221
167.6531982421875,0.2759999930858612,0.00139999995008111,0.002099999925121665,0.0012000000569969416,0.0003000000142492354,0.010599999688565731,0.7084000110626221
167.73655700683594,0.2759999930858612,0.00139999995008111,0.002099999925121665,0.0010999999940395355,0.0003000000142492354,0.010599999688565731,0.7085000276565552
167.81993103027344,0.2759999930858612,0.00139999995008111,0.002099999925121665,0.0010999999940395355,0.0003000000142492354,0.010599999688565731,0.7085000276565552
167.90328979492188,0.2759000062942505,0.001500000013038516,0.0020000000949949026,0.0010999999940395355,0.0003000000142492354,0.010599999688565731,0.7085999846458435
167.9866485595703,0.2759000062942505,0.00139999995008111,0.002099999925121665,0.0010999999940395355,0.0003000000142492354,0.010599999688565731,0.7085999846458435
168.07003784179688,0.2759000062942505,0.00139999995008111,0.002099999925121665,0.0010999999940395355,0.0003000000142492354,0.010599999688565731,0.7085999846458435
168.1533966064453,0.2759000062942505,0.00139999995008111,0.002099999925121665,0.0010999999940395355,0.0003000000142492354,0.010599999688565731,0.7085999846458435
168.2367706298828,0.2759000062942505,0.00139999995008111,0.002099999925121665,0.0010999999940395355,0.0003000000142492354,0.010599999688565731,0.7085999846458435
168.32012939453125,0.2757999897003174,0.001500000013038516,0.002099999925121665,0.0010999999940395355,0.0003000000142492354,0.010599999688565731,0.7085999846458435
168.40350341796875,0.2757999897003174,0.001500000013038516,0.002099999925121665,0.0010999999940395355,0.0003000000142492354,0.010599999688565731,0.7085999846458435
168.4868621826172,0.2757999897003174,0.001500000013038516,0.002099999925121665,0.0010999999940395355,0.0003000000142492354,0.010599999688565731,0.7085999846458435
168.5702362060547,0.2757999897003174,0.001500000013038516,0.0020000000949949026,0.0010999999940395355,0.0003000000142492354,0.010599999688565731,0.7087000012397766
168.6536102294922,0.2757999897003174,0.001500000013038516,0.0020000000949949026,0.0010999999940395355,0.0003000000142492354,0.010599999688565731,0.7087000012397766
168.73696899414062,0.2757999897003174,0.001500000013038516,0.0020000000949949026,0.0010999999940395355,0.00019999999494757503,0.010599999688565731,0.7088000178337097
168.82034301757812,0.2757999897003174,0.001500000013038516,0.0020000000949949026,0.0010000000474974513,0.00019999999494757503,0.010599999688565731,0.708899974822998
168.90370178222656,0.2757999897003174,0.001500000013038516,0.0019000000320374966,0.0010000000474974513,0.00019999999494757503,0.010599999688565731,0.7089999914169312
168.98709106445312,0.2757999897003174,0.00139999995008111,0.0020000000949949026,0.0010000000474974513,0.00019999999494757503,0.010599999688565731,0.7089999914169312
169.07044982910156,0.2757999897003174,0.00139999995008111,0.0020000000949949026,0.0010000000474974513,0.00019999999494757503,0.010599999688565731,0.7089999914169312
169.15380859375,0.2757999897003174,0.00139999995008111,0.0020000000949949026,0.0010000000474974513,0.00019999999494757503,0.010599999688565731,0.7089999914169312
169.2371826171875,0.2757999897003174,0.00139999995008111,0.0020000000949949026,0.0010000000474974513,0.00019999999494757503,0.010599999688565731,0.7089999914169312
169.32054138183594,0.2757999897003174,0.00139999995008111,0.0020000000949949026,0.0010000000474974513,0.00019999999494757503,0.010599999688565731,0.7089999914169312
169.40391540527344,0.2757999897003174,0.0013000000035390258,0.002099999925121665,0.0010000000474974513,0.00019999999494757503,0.010599999688565731,0.7089999914169312
169.48728942871094,0.2757999897003174,0.0013000000035390258,0.002099999925121665,0.0010000000474974513,0.00019999999494757503,0.010599999688565731,0.7089999914169312
169.57064819335938,0.2757999897003174,0.0012000000569969416,0.002199999988079071,0.0010000000474974513,0.00019999999494757503,0.010599999688565731,0.7089999914169312
169.65402221679688,0.2757999897003174,0.0012000000569969416,0.0020000000949949026,0.0010000000474974513,9.999999747378752e-05,0.010700000450015068,0.7092000246047974
169.7373809814453,0.2757999897003174,0.0010999999940395355,0.002099999925121665,0.0010000000474974513,9.999999747378752e-05,0.010700000450015068,0.7092000246047974
169.8207550048828,0.2757999897003174,0.0010999999940395355,0.0020000000949949026,0.0010000000474974513,9.999999747378752e-05,0.010700000450015068,0.7092999815940857
169.9041290283203,0.2757999897003174,0.0010999999940395355,0.0019000000320374966,0.0010000000474974513,0.0,0.01080000028014183,0.7093999981880188
169.9875030517578,0.2757999897003174,0.0010000000474974513,0.0017999999690800905,0.0010000000474974513,0.0,0.01080000028014183,0.7095999717712402
170.07086181640625,0.2757999897003174,0.0010000000474974513,0.0017999999690800905,0.0010000000474974513,0.0,0.01080000028014183,0.7095999717712402
170.1542205810547,0.27570000290870667,0.0010999999940395355,0.0017999999690800905,0.0010000000474974513,0.0,0.01080000028014183,0.7095999717712402
170.2375946044922,0.27570000290870667,0.0010000000474974513,0.0017999999690800905,0.0010000000474974513,0.0,0.01080000028014183,0.7096999883651733
170.3209686279297,0.27570000290870667,0.0010000000474974513,0.0017999999690800905,0.0010000000474974513,0.0,0.01080000028014183,0.7096999883651733
170.4043426513672,0.27570000290870667,0.0010000000474974513,0.0017999999690800905,0.0010000000474974513,0.0,0.01080000028014183,0.7096999883651733
170.48770141601562,0.27570000290870667,0.0010000000474974513,0.0017999999690800905,0.0010000000474974513,0.0,0.01080000028014183,0.7096999883651733
170.57107543945312,0.27570000290870667,0.0010000000474974513,0.0017999999690800905,0.0008999999845400453,0.0,0.01080000028014183,0.7098000049591064
170.65443420410156,0.27549999952316284,0.0010999999940395355,0.0017999999690800905,0.0008999999845400453,0.0,0.01080000028014183,0.7099000215530396
170.73780822753906,0.27549999952316284,0.0010999999940395355,0.0017000000225380063,0.0008999999845400453,0.0,0.01080000028014183,0.7099999785423279
170.82118225097656,0.27549999952316284,0.0010999999940395355,0.001500000013038516,0.0008999999845400453,0.0,0.01080000028014183,0.7102000117301941
170.904541015625,0.27549999952316284,0.0008999999845400453,0.0017000000225380063,0.0007999999797903001,0.0,0.01080000028014183,0.7103000283241272
170.9879150390625,0.27549999952316284,0.0008999999845400453,0.0017000000225380063,0.0007999999797903001,0.0,0.01080000028014183,0.7103000283241272
171.07127380371094,0.27549999952316284,0.0008999999845400453,0.0015999999595806003,0.0007999999797903001,0.0,0.01080000028014183,0.7103999853134155
171.15464782714844,0.27549999952316284,0.0008999999845400453,0.0015999999595806003,0.0007999999797903001,0.0,0.01080000028014183,0.7103999853134155
171.23802185058594,0.27549999952316284,0.000699999975040555,0.0017999999690800905,0.0007999999797903001,0.0,0.01080000028014183,0.7103999853134155
171.32138061523438,0.27549999952316284,0.000699999975040555,0.0017999999690800905,0.0007999999797903001,0.0,0.01080000028014183,0.7103999853134155
171.40475463867188,0.27549999952316284,0.000699999975040555,0.0017999999690800905,0.0007999999797903001,0.0,0.01080000028014183,0.7103999853134155
171.4881134033203,0.27549999952316284,0.000699999975040555,0.0017000000225380063,0.0007999999797903001,0.0,0.01080000028014183,0.7105000019073486
171.5714874267578,0.2754000127315521,0.0007999999797903001,0.0017000000225380063,0.0007999999797903001,0.0,0.01080000028014183,0.7105000019073486
171.6548614501953,0.275299996137619,0.0008999999845400453,0.0017000000225380063,0.0007999999797903001,0.0,0.01080000028014183,0.7105000019073486
171.73822021484375,0.275299996137619,0.0007999999797903001,0.0017999999690800905,0.0007999999797903001,0.0,0.01080000028014183,0.7105000019073486
171.82159423828125,0.2752000093460083,0.0008999999845400453,0.0017999999690800905,0.0007999999797903001,0.0,0.01080000028014183,0.7105000019073486
171.9049530029297,0.2750000059604645,0.0008999999845400453,0.0020000000949949026,0.0007999999797903001,0.0,0.01080000028014183,0.7105000019073486
171.9883270263672,0.2750000059604645,0.0008999999845400453,0.0020000000949949026,0.0007999999797903001,0.0,0.01080000028014183,0.7105000019073486
172.0717010498047,0.2750000059604645,0.0008999999845400453,0.0020000000949949026,0.0007999999797903001,0.0,0.01080000028014183,0.7105000019073486
172.1550750732422,0.27489998936653137,0.0010000000474974513,0.0020000000949949026,0.0007999999797903001,0.0,0.01080000028014183,0.7105000019073486
172.23843383789062,0.27489998936653137,0.0010000000474974513,0.0019000000320374966,0.0007999999797903001,0.0,0.01080000028014183,0.7106000185012817
172.32179260253906,0.27480000257492065,0.0010999999940395355,0.0019000000320374966,0.0007999999797903001,0.0,0.01080000028014183,0.7106000185012817
172.40516662597656,0.27469998598098755,0.0012000000569969416,0.0019000000320374966,0.0007999999797903001,0.0,0.01080000028014183,0.7106000185012817
172.48854064941406,0.27469998598098755,0.0012000000569969416,0.0019000000320374966,0.0007999999797903001,0.0,0.01080000028014183,0.7106000185012817
172.57191467285156,0.27459999918937683,0.0013000000035390258,0.0019000000320374966,0.0007999999797903001,0.0,0.01080000028014183,0.7106000185012817
172.6552734375,0.27459999918937683,0.0013000000035390258,0.0019000000320374966,0.0007999999797903001,0.0,0.01080000028014183,0.7106000185012817
172.73863220214844,0.27459999918937683,0.0012000000569969416,0.0019000000320374966,0.0007999999797903001,0.0,0.01080000028014183,0.7106999754905701
172.82200622558594,0.2745000123977661,0.0013000000035390258,0.0019000000320374966,0.0007999999797903001,0.0,0.01080000028014183,0.7106999754905701
172.90538024902344,0.2745000123977661,0.0013000000035390258,0.0017999999690800905,0.0007999999797903001,0.0,0.01080000028014183,0.7107999920845032
172.98875427246094,0.2745000123977661,0.0013000000035390258,0.0017999999690800905,0.0007999999797903001,0.0,0.01080000028014183,0.7107999920845032
173.07211303710938,0.2745000123977661,0.0013000000035390258,0.0017000000225380063,0.0007999999797903001,0.0,0.01080000028014183,0.7109000086784363
173.15548706054688,0.2745000123977661,0.0013000000035390258,0.0017000000225380063,0.0007999999797903001,0.0,0.01080000028014183,0.7109000086784363
173.2388458251953,0.2745000123977661,0.0013000000035390258,0.0017000000225380063,0.0007999999797903001,0.0,0.01080000028014183,0.7109000086784363
173.3222198486328,0.2745000123977661,0.0013000000035390258,0.0017000000225380063,0.0007999999797903001,0.0,0.01080000028014183,0.7109000086784363
173.4055938720703,0.2745000123977661,0.0013000000035390258,0.0015999999595806003,0.0007999999797903001,0.0,0.01080000028014183,0.7110000252723694
173.48895263671875,0.2745000123977661,0.0012000000569969416,0.0017000000225380063,0.0007999999797903001,0.0,0.01080000028014183,0.7110000252723694
173.57232666015625,0.2745000123977661,0.0010999999940395355,0.0017999999690800905,0.0007999999797903001,0.0,0.01080000028014183,0.7110000252723694
173.6556854248047,0.274399995803833,0.0012000000569969416,0.0017999999690800905,0.000699999975040555,0.0,0.01080000028014183,0.7110999822616577
173.7390594482422,0.274399995803833,0.0012000000569969416,0.0017999999690800905,0.000699999975040555,0.0,0.01080000028014183,0.7110999822616577
173.8224334716797,0.274399995803833,0.0012000000569969416,0.0017999999690800905,0.000699999975040555,0.0,0.01080000028014183,0.7110999822616577
173.90579223632812,0.274399995803833,0.0010999999940395355,0.0019000000320374966,0.000699999975040555,0.0,0.01080000028014183,0.7110999822616577
173.98916625976562,0.274399995803833,0.0010999999940395355,0.0019000000320374966,0.000699999975040555,0.0,0.01080000028014183,0.7110999822616577
174.07252502441406,0.274399995803833,0.0010999999940395355,0.0019000000320374966,0.000699999975040555,0.0,0.01080000028014183,0.7110999822616577
174.15589904785156,0.274399995803833,0.0010999999940395355,0.0019000000320374966,0.000699999975040555,0.0,0.01080000028014183,0.7110999822616577
174.23927307128906,0.274399995803833,0.0010999999940395355,0.0017999999690800905,0.000699999975040555,0.0,0.01080000028014183,0.7111999988555908
174.3226318359375,0.274399995803833,0.0010999999940395355,0.0017999999690800905,0.000699999975040555,0.0,0.01080000028014183,0.7111999988555908
174.406005859375,0.274399995803833,0.0010999999940395355,0.0017999999690800905,0.000699999975040555,0.0,0.01080000028014183,0.7111999988555908
174.48936462402344,0.2743000090122223,0.0012000000569969416,0.0017000000225380063,0.0007999999797903001,0.0,0.01080000028014183,0.7111999988555908
174.57273864746094,0.2743000090122223,0.0012000000569969416,0.0017000000225380063,0.0007999999797903001,0.0,0.01080000028014183,0.7111999988555908
174.65609741210938,0.2741999924182892,0.0012000000569969416,0.0017999999690800905,0.0007999999797903001,0.0,0.01080000028014183,0.7111999988555908
174.73948669433594,0.2741999924182892,0.0012000000569969416,0.0017999999690800905,0.0007999999797903001,0.0,0.01080000028014183,0.7111999988555908
174.82284545898438,0.2741999924182892,0.0012000000569969416,0.0017999999690800905,0.0007999999797903001,0.0,0.01080000028014183,0.7111999988555908
174.9062042236328,0.2741999924182892,0.0012000000569969416,0.0017000000225380063,0.0007999999797903001,0.0,0.01080000028014183,0.7113000154495239
174.9895782470703,0.2741999924182892,0.0012000000569969416,0.0017000000225380063,0.0007999999797903001,0.0,0.01080000028014183,0.7113000154495239
175.07293701171875,0.2741999924182892,0.0010999999940395355,0.0015999999595806003,0.0010000000474974513,0.0,0.01080000028014183,0.7113000154495239
175.1563262939453,0.2741999924182892,0.0010999999940395355,0.0015999999595806003,0.0010000000474974513,0.0,0.01080000028014183,0.7113000154495239
175.23968505859375,0.2741999924182892,0.0010999999940395355,0.0015999999595806003,0.0010000000474974513,0.0,0.01080000028014183,0.7113000154495239
175.32305908203125,0.2741999924182892,0.0010999999940395355,0.00139999995008111,0.0010999999940395355,0.0,0.01080000028014183,0.7113999724388123
175.4064178466797,0.2741999924182892,0.0010999999940395355,0.00139999995008111,0.0010999999940395355,0.0,0.01080000028014183,0.7113999724388123
175.48977661132812,0.2741999924182892,0.0010999999940395355,0.00139999995008111,0.0010999999940395355,0.0,0.01080000028014183,0.7113999724388123
175.57315063476562,0.2741999924182892,0.0010999999940395355,0.00139999995008111,0.0010999999940395355,0.0,0.01080000028014183,0.7113999724388123
175.65652465820312,0.2741999924182892,0.0010999999940395355,0.00139999995008111,0.0010999999940395355,0.0,0.01080000028014183,0.7113999724388123
175.73989868164062,0.2741999924182892,0.0010999999940395355,0.0013000000035390258,0.0012000000569969416,0.0,0.01080000028014183,0.7113999724388123
175.82325744628906,0.2741999924182892,0.0010999999940395355,0.0013000000035390258,0.0012000000569969416,0.0,0.01080000028014183,0.7113999724388123
175.9066162109375,0.2741999924182892,0.0010000000474974513,0.0013000000035390258,0.0012000000569969416,0.0,0.01080000028014183,0.7114999890327454
175.989990234375,0.2741999924182892,0.0010000000474974513,0.0013000000035390258,0.0012000000569969416,0.0,0.01080000028014183,0.7114999890327454
176.0733642578125,0.27410000562667847,0.0010999999940395355,0.0013000000035390258,0.0012000000569969416,0.0,0.01080000028014183,0.7114999890327454
176.15673828125,0.27410000562667847,0.0010000000474974513,0.00139999995008111,0.0012000000569969416,0.0,0.01080000028014183,0.7114999890327454
176.24009704589844,0.27410000562667847,0.0010000000474974513,0.00139999995008111,0.0012000000569969416,0.0,0.01080000028014183,0.7114999890327454
176.32347106933594,0.27410000562667847,0.0010000000474974513,0.0013000000035390258,0.0012000000569969416,0.0,0.01080000028014183,0.7116000056266785
176.40682983398438,0.27399998903274536,0.0010999999940395355,0.0013000000035390258,0.0012000000569969416,0.0,0.01080000028014183,0.7116000056266785
176.49020385742188,0.27390000224113464,0.0010000000474974513,0.001500000013038516,0.0012000000569969416,0.0,0.01080000028014183,0.7116000056266785
176.57357788085938,0.27390000224113464,0.0010000000474974513,0.001500000013038516,0.0012000000569969416,0.0,0.01080000028014183,0.7116000056266785
176.6569366455078,0.27379998564720154,0.0008999999845400453,0.0017000000225380063,0.0010999999940395355,9.999999747378752e-05,0.01080000028014183,0.7116000056266785
176.7403106689453,0.27379998564720154,0.0008999999845400453,0.0017000000225380063,0.0010999999940395355,9.999999747378752e-05,0.01080000028014183,0.7116000056266785
176.82366943359375,0.27379998564720154,0.0008999999845400453,0.0017000000225380063,0.0010999999940395355,9.999999747378752e-05,0.01080000028014183,0.7116000056266785
176.90704345703125,0.27379998564720154,0.0008999999845400453,0.0017000000225380063,0.0010999999940395355,9.999999747378752e-05,0.01080000028014183,0.7116000056266785
176.99041748046875,0.27379998564720154,0.0008999999845400453,0.0015999999595806003,0.0010999999940395355,9.999999747378752e-05,0.01080000028014183,0.7117000222206116
177.0737762451172,0.27379998564720154,0.0008999999845400453,0.001500000013038516,0.0010999999940395355,9.999999747378752e-05,0.01080000028014183,0.7117999792098999
177.1571502685547,0.27379998564720154,0.0008999999845400453,0.001500000013038516,0.0010999999940395355,9.999999747378752e-05,0.01080000028014183,0.7117999792098999
177.24050903320312,0.27379998564720154,0.0008999999845400453,0.001500000013038516,0.0010999999940395355,9.999999747378752e-05,0.01080000028014183,0.7117999792098999
177.32388305664062,0.27379998564720154,0.0008999999845400453,0.00139999995008111,0.0010999999940395355,9.999999747378752e-05,0.01080000028014183,0.711899995803833
177.40725708007812,0.27379998564720154,0.0008999999845400453,0.00139999995008111,0.0010999999940395355,9.999999747378752e-05,0.01080000028014183,0.711899995803833
177.49061584472656,0.2736999988555908,0.0008999999845400453,0.001500000013038516,0.0010000000474974513,9.999999747378752e-05,0.01080000028014183,0.7120000123977661
177.57398986816406,0.2736000120639801,0.0010000000474974513,0.001500000013038516,0.0010000000474974513,9.999999747378752e-05,0.01080000028014183,0.7120000123977661
177.6573486328125,0.2736000120639801,0.0010000000474974513,0.001500000013038516,0.0010000000474974513,9.999999747378752e-05,0.01080000028014183,0.7120000123977661
177.74072265625,0.2736000120639801,0.0010000000474974513,0.00139999995008111,0.0010000000474974513,9.999999747378752e-05,0.01080000028014183,0.7121000289916992
177.8240966796875,0.2736000120639801,0.0010000000474974513,0.0012000000569969416,0.0010000000474974513,9.999999747378752e-05,0.01080000028014183,0.7123000025749207
177.907470703125,0.2736000120639801,0.0008999999845400453,0.0013000000035390258,0.0010000000474974513,9.999999747378752e-05,0.01080000028014183,0.7123000025749207
177.99082946777344,0.2736000120639801,0.0008999999845400453,0.0013000000035390258,0.0008999999845400453,9.999999747378752e-05,0.01080000028014183,0.7124000191688538
178.07418823242188,0.2736000120639801,0.0008999999845400453,0.0013000000035390258,0.0007999999797903001,9.999999747378752e-05,0.01080000028014183,0.7124999761581421
178.15756225585938,0.2736000120639801,0.0008999999845400453,0.0013000000035390258,0.0007999999797903001,9.999999747378752e-05,0.01080000028014183,0.7124999761581421
178.24093627929688,0.2736000120639801,0.0008999999845400453,0.0013000000035390258,0.000699999975040555,9.999999747378752e-05,0.01080000028014183,0.7125999927520752
178.32431030273438,0.2736000120639801,0.0008999999845400453,0.0013000000035390258,0.000699999975040555,9.999999747378752e-05,0.01080000028014183,0.7125999927520752
178.4076690673828,0.273499995470047,0.0008999999845400453,0.00139999995008111,0.000699999975040555,9.999999747378752e-05,0.01080000028014183,0.7125999927520752
178.49102783203125,0.273499995470047,0.0008999999845400453,0.00139999995008111,0.000699999975040555,9.999999747378752e-05,0.01080000028014183,0.7125999927520752
178.57440185546875,0.273499995470047,0.0008999999845400453,0.00139999995008111,0.000699999975040555,9.999999747378752e-05,0.01080000028014183,0.7125999927520752
178.65777587890625,0.273499995470047,0.0008999999845400453,0.00139999995008111,0.000699999975040555,9.999999747378752e-05,0.01080000028014183,0.7125999927520752
178.74114990234375,0.273499995470047,0.0008999999845400453,0.00139999995008111,0.000699999975040555,9.999999747378752e-05,0.01080000028014183,0.7125999927520752
178.8245086669922,0.273499995470047,0.0008999999845400453,0.00139999995008111,0.000699999975040555,9.999999747378752e-05,0.01080000028014183,0.7125999927520752
178.9078826904297,0.273499995470047,0.0008999999845400453,0.00139999995008111,0.000699999975040555,9.999999747378752e-05,0.01080000028014183,0.7125999927520752
178.99124145507812,0.273499995470047,0.0007999999797903001,0.001500000013038516,0.000699999975040555,9.999999747378752e-05,0.01080000028014183,0.7125999927520752
179.07461547851562,0.2734000086784363,0.0008999999845400453,0.001500000013038516,0.0006000000284984708,9.999999747378752e-05,0.01080000028014183,0.7127000093460083
179.15798950195312,0.2732999920845032,0.0010000000474974513,0.001500000013038516,0.0006000000284984708,9.999999747378752e-05,0.01080000028014183,0.7127000093460083
179.24134826660156,0.2732999920845032,0.0010000000474974513,0.001500000013038516,0.0006000000284984708,9.999999747378752e-05,0.01080000028014183,0.7127000093460083
179.32472229003906,0.2732999920845032,0.0010000000474974513,0.001500000013038516,0.0006000000284984708,9.999999747378752e-05,0.01080000028014183,0.7127000093460083
179.4080810546875,0.2732999920845032,0.0010000000474974513,0.001500000013038516,0.0006000000284984708,9.999999747378752e-05,0.01080000028014183,0.7127000093460083
179.491455078125,0.2732999920845032,0.0008999999845400453,0.0015999999595806003,0.0006000000284984708,9.999999747378752e-05,0.01080000028014183,0.7127000093460083
179.5748291015625,0.2732999920845032,0.0008999999845400453,0.001500000013038516,0.0006000000284984708,9.999999747378752e-05,0.01080000028014183,0.7128000259399414
179.65818786621094,0.27320000529289246,0.0010000000474974513,0.001500000013038516,0.0006000000284984708,9.999999747378752e-05,0.01080000028014183,0.7128000259399414
179.74156188964844,0.27320000529289246,0.0010000000474974513,0.001500000013038516,0.0006000000284984708,9.999999747378752e-05,0.01080000028014183,0.7128000259399414
179.82492065429688,0.27320000529289246,0.0010000000474974513,0.001500000013038516,0.0006000000284984708,9.999999747378752e-05,0.01080000028014183,0.7128000259399414
179.90829467773438,0.27320000529289246,0.0010000000474974513,0.001500000013038516,0.0006000000284984708,9.999999747378752e-05,0.01080000028014183,0.7128000259399414
179.99166870117188,0.27320000529289246,0.0010000000474974513,0.00139999995008111,0.0006000000284984708,9.999999747378752e-05,0.01080000028014183,0.7128999829292297
180.0750274658203,0.27320000529289246,0.0010000000474974513,0.00139999995008111,0.0006000000284984708,9.999999747378752e-05,0.01080000028014183,0.7128999829292297
180.1584014892578,0.27320000529289246,0.0010000000474974513,0.0013000000035390258,0.0006000000284984708,9.999999747378752e-05,0.01080000028014183,0.7129999995231628
180.24176025390625,0.27320000529289246,0.0010000000474974513,0.0013000000035390258,0.0006000000284984708,9.999999747378752e-05,0.01080000028014183,0.7129999995231628
180.32513427734375,0.27320000529289246,0.0010000000474974513,0.0013000000035390258,0.0005000000237487257,0.00019999999494757503,0.01080000028014183,0.7129999995231628
180.40850830078125,0.27320000529289246,0.0010000000474974513,0.0013000000035390258,0.0005000000237487257,0.00019999999494757503,0.01080000028014183,0.7129999995231628
180.49188232421875,0.27320000529289246,0.0008999999845400453,0.0013000000035390258,0.0005000000237487257,0.00019999999494757503,0.01080000028014183,0.713100016117096
180.5752410888672,0.27320000529289246,0.0008999999845400453,0.0013000000035390258,0.0005000000237487257,0.00019999999494757503,0.01080000028014183,0.713100016117096
180.65859985351562,0.27320000529289246,0.0008999999845400453,0.0013000000035390258,0.0005000000237487257,0.00019999999494757503,0.01080000028014183,0.713100016117096
180.74197387695312,0.27320000529289246,0.0008999999845400453,0.0013000000035390258,0.0005000000237487257,0.00019999999494757503,0.01080000028014183,0.713100016117096
180.82534790039062,0.27300000190734863,0.0010999999940395355,0.0013000000035390258,0.0005000000237487257,0.00019999999494757503,0.01080000028014183,0.713100016117096
180.90872192382812,0.27300000190734863,0.0010999999940395355,0.0012000000569969416,0.0005000000237487257,0.00019999999494757503,0.01080000028014183,0.7131999731063843
180.99208068847656,0.27300000190734863,0.0010999999940395355,0.0012000000569969416,0.0005000000237487257,0.00019999999494757503,0.01080000028014183,0.7131999731063843
181.07545471191406,0.27300000190734863,0.0010999999940395355,0.0012000000569969416,0.0005000000237487257,0.00019999999494757503,0.01080000028014183,0.7131999731063843
181.1588134765625,0.27300000190734863,0.0010999999940395355,0.0012000000569969416,0.0005000000237487257,0.00019999999494757503,0.01080000028014183,0.7131999731063843
181.2421875,0.27300000190734863,0.0010999999940395355,0.0012000000569969416,0.0005000000237487257,0.00019999999494757503,0.01080000028014183,0.7131999731063843
181.3255615234375,0.27300000190734863,0.0010999999940395355,0.0012000000569969416,0.00039999998989515007,0.00019999999494757503,0.01080000028014183,0.7132999897003174
181.40892028808594,0.27300000190734863,0.0010999999940395355,0.0012000000569969416,0.00039999998989515007,0.00019999999494757503,0.01080000028014183,0.7132999897003174
181.49229431152344,0.27300000190734863,0.0010999999940395355,0.0012000000569969416,0.0003000000142492354,0.00019999999494757503,0.01080000028014183,0.7134000062942505
181.57565307617188,0.27300000190734863,0.0010000000474974513,0.0012000000569969416,0.0003000000142492354,0.00019999999494757503,0.01080000028014183,0.7135000228881836
181.6590118408203,0.27300000190734863,0.0010000000474974513,0.0012000000569969416,0.0003000000142492354,0.00019999999494757503,0.01080000028014183,0.7135000228881836
181.74240112304688,0.2728999853134155,0.0010999999940395355,0.0012000000569969416,0.0003000000142492354,0.00019999999494757503,0.01080000028014183,0.7135000228881836
181.8257598876953,0.2728999853134155,0.0010999999940395355,0.0012000000569969416,0.0003000000142492354,0.00019999999494757503,0.01080000028014183,0.7135000228881836
181.9091339111328,0.2728999853134155,0.0010999999940395355,0.0012000000569969416,0.0003000000142492354,0.00019999999494757503,0.01080000028014183,0.7135000228881836
181.99249267578125,0.2728999853134155,0.0010999999940395355,0.0012000000569969416,0.0003000000142492354,0.00019999999494757503,0.01080000028014183,0.7135000228881836
182.07586669921875,0.2728999853134155,0.0010999999940395355,0.0012000000569969416,0.00019999999494757503,0.0003000000142492354,0.01080000028014183,0.7135000228881836
182.15924072265625,0.2728999853134155,0.0010000000474974513,0.0010999999940395355,0.00019999999494757503,0.0003000000142492354,0.01080000028014183,0.713699996471405
182.2425994873047,0.2728999853134155,0.0010000000474974513,0.0010999999940395355,0.00019999999494757503,0.0003000000142492354,0.01080000028014183,0.713699996471405
182.3259735107422,0.2728999853134155,0.0010000000474974513,0.0010999999940395355,0.00019999999494757503,0.0003000000142492354,0.01080000028014183,0.713699996471405
182.40933227539062,0.2728999853134155,0.0010000000474974513,0.0010999999940395355,0.00019999999494757503,0.0003000000142492354,0.01080000028014183,0.713699996471405
182.49270629882812,0.2727999985218048,0.0010999999940395355,0.0010000000474974513,0.0003000000142492354,0.0003000000142492354,0.01080000028014183,0.713699996471405
182.57606506347656,0.2727999985218048,0.0008999999845400453,0.0012000000569969416,0.0003000000142492354,0.0003000000142492354,0.01080000028014183,0.713699996471405
182.65945434570312,0.2727999985218048,0.0008999999845400453,0.0012000000569969416,0.0003000000142492354,0.0003000000142492354,0.01080000028014183,0.713699996471405
182.74281311035156,0.2727999985218048,0.0008999999845400453,0.0012000000569969416,0.0003000000142492354,0.0003000000142492354,0.01080000028014183,0.713699996471405
182.826171875,0.2727999985218048,0.0008999999845400453,0.0012000000569969416,0.0003000000142492354,0.0003000000142492354,0.01080000028014183,0.713699996471405
182.9095458984375,0.2727999985218048,0.0008999999845400453,0.0010999999940395355,0.0003000000142492354,0.0003000000142492354,0.01080000028014183,0.7138000130653381
182.99290466308594,0.2727999985218048,0.0008999999845400453,0.0010999999940395355,0.0003000000142492354,0.0003000000142492354,0.01080000028014183,0.7138000130653381
183.0762939453125,0.2727999985218048,0.0008999999845400453,0.0010999999940395355,0.0003000000142492354,0.0003000000142492354,0.01080000028014183,0.7138000130653381
183.15965270996094,0.2727000117301941,0.0007999999797903001,0.0013000000035390258,0.0003000000142492354,0.0003000000142492354,0.01080000028014183,0.7138000130653381
183.24301147460938,0.2727000117301941,0.0007999999797903001,0.0013000000035390258,0.0003000000142492354,0.0003000000142492354,0.01080000028014183,0.7138000130653381
183.32638549804688,0.2727000117301941,0.0007999999797903001,0.0013000000035390258,0.0003000000142492354,0.0003000000142492354,0.01080000028014183,0.7138000130653381
183.4097442626953,0.2727000117301941,0.0007999999797903001,0.0012000000569969416,0.0003000000142492354,0.0003000000142492354,0.01080000028014183,0.7139000296592712
183.4931182861328,0.272599995136261,0.0007999999797903001,0.0013000000035390258,0.00019999999494757503,0.0003000000142492354,0.01080000028014183,0.7139999866485596
183.5764923095703,0.272599995136261,0.000699999975040555,0.00139999995008111,0.00019999999494757503,0.0003000000142492354,0.01080000028014183,0.7139999866485596
183.6598663330078,0.27239999175071716,0.0008999999845400453,0.00139999995008111,0.00019999999494757503,0.0003000000142492354,0.01080000028014183,0.7139999866485596
183.74322509765625,0.27239999175071716,0.0008999999845400453,0.00139999995008111,0.00019999999494757503,0.0003000000142492354,0.01080000028014183,0.7139999866485596
183.8265838623047,0.27239999175071716,0.0008999999845400453,0.00139999995008111,0.00019999999494757503,0.0003000000142492354,0.01080000028014183,0.7139999866485596
183.9099578857422,0.27239999175071716,0.0008999999845400453,0.00139999995008111,0.00019999999494757503,0.0003000000142492354,0.01080000028014183,0.7139999866485596
183.9933319091797,0.27239999175071716,0.0008999999845400453,0.00139999995008111,0.00019999999494757503,0.0003000000142492354,0.01080000028014183,0.7139999866485596
184.0767059326172,0.27239999175071716,0.0008999999845400453,0.00139999995008111,0.00019999999494757503,0.0003000000142492354,0.01080000028014183,0.7139999866485596
184.16006469726562,0.27239999175071716,0.0007999999797903001,0.001500000013038516,0.00019999999494757503,0.0003000000142492354,0.01080000028014183,0.7139999866485596
184.24343872070312,0.27239999175071716,0.0007999999797903001,0.001500000013038516,0.00019999999494757503,0.0003000000142492354,0.01080000028014183,0.7139999866485596
184.32679748535156,0.27230000495910645,0.0008999999845400453,0.001500000013038516,0.00019999999494757503,0.0003000000142492354,0.01080000028014183,0.7139999866485596
184.41017150878906,0.27230000495910645,0.0008999999845400453,0.001500000013038516,0.00019999999494757503,0.0003000000142492354,0.01080000028014183,0.7139999866485596
184.49354553222656,0.27230000495910645,0.0008999999845400453,0.001500000013038516,0.00019999999494757503,0.0003000000142492354,0.01080000028014183,0.7139999866485596
184.576904296875,0.27230000495910645,0.0008999999845400453,0.00139999995008111,9.999999747378752e-05,0.0003000000142492354,0.01080000028014183,0.7142000198364258
184.6602783203125,0.27230000495910645,0.0007999999797903001,0.001500000013038516,9.999999747378752e-05,0.0003000000142492354,0.01080000028014183,0.7142000198364258
184.74363708496094,0.27230000495910645,0.0007999999797903001,0.001500000013038516,9.999999747378752e-05,0.0003000000142492354,0.01080000028014183,0.7142000198364258
184.82701110839844,0.27219998836517334,0.0008999999845400453,0.001500000013038516,9.999999747378752e-05,0.0003000000142492354,0.01080000028014183,0.7142000198364258
184.91038513183594,0.27219998836517334,0.0008999999845400453,0.001500000013038516,9.999999747378752e-05,0.0003000000142492354,0.01080000028014183,0.7142000198364258
184.99374389648438,0.27219998836517334,0.0008999999845400453,0.001500000013038516,9.999999747378752e-05,0.0003000000142492354,0.01080000028014183,0.7142000198364258
185.07711791992188,0.27219998836517334,0.0008999999845400453,0.001500000013038516,9.999999747378752e-05,0.0003000000142492354,0.01080000028014183,0.7142000198364258
185.1604766845703,0.27219998836517334,0.0008999999845400453,0.001500000013038516,9.999999747378752e-05,0.0003000000142492354,0.01080000028014183,0.7142000198364258
185.2438507080078,0.27219998836517334,0.0008999999845400453,0.001500000013038516,9.999999747378752e-05,0.0003000000142492354,0.01080000028014183,0.7142000198364258
185.3272247314453,0.27219998836517334,0.000699999975040555,0.0017000000225380063,9.999999747378752e-05,0.0003000000142492354,0.01080000028014183,0.7142000198364258
185.41058349609375,0.27219998836517334,0.000699999975040555,0.0017000000225380063,9.999999747378752e-05,0.0003000000142492354,0.01080000028014183,0.7142000198364258
185.49395751953125,0.27219998836517334,0.000699999975040555,0.0015999999595806003,9.999999747378752e-05,0.0003000000142492354,0.01080000028014183,0.7142999768257141
185.5773162841797,0.2721000015735626,0.0007999999797903001,0.0015999999595806003,9.999999747378752e-05,0.0003000000142492354,0.01080000028014183,0.7142999768257141
185.6606903076172,0.2720000147819519,0.0008999999845400453,0.0015999999595806003,9.999999747378752e-05,0.0003000000142492354,0.01080000028014183,0.7142999768257141
185.7440643310547,0.2720000147819519,0.0008999999845400453,0.001500000013038516,9.999999747378752e-05,0.00019999999494757503,0.01080000028014183,0.7145000100135803
185.82742309570312,0.2720000147819519,0.0008999999845400453,0.001500000013038516,9.999999747378752e-05,0.00019999999494757503,0.01080000028014183,0.7145000100135803
185.91079711914062,0.2720000147819519,0.0008999999845400453,0.001500000013038516,9.999999747378752e-05,0.00019999999494757503,0.01080000028014183,0.7145000100135803
185.99415588378906,0.2720000147819519,0.0008999999845400453,0.001500000013038516,9.999999747378752e-05,0.00019999999494757503,0.01080000028014183,0.7145000100135803
186.07752990722656,0.2720000147819519,0.0007999999797903001,0.0015999999595806003,9.999999747378752e-05,0.00019999999494757503,0.01080000028014183,0.7145000100135803
186.16090393066406,0.2718999981880188,0.0008999999845400453,0.0015999999595806003,9.999999747378752e-05,0.00019999999494757503,0.01080000028014183,0.7145000100135803
186.24427795410156,0.2718999981880188,0.0008999999845400453,0.00139999995008111,9.999999747378752e-05,0.00019999999494757503,0.01080000028014183,0.7146999835968018
186.32763671875,0.2718999981880188,0.0008999999845400453,0.00139999995008111,9.999999747378752e-05,0.00019999999494757503,0.01080000028014183,0.7146999835968018
186.41099548339844,0.2718999981880188,0.0008999999845400453,0.00139999995008111,9.999999747378752e-05,0.00019999999494757503,0.01080000028014183,0.7146999835968018
186.49436950683594,0.2718999981880188,0.0008999999845400453,0.00139999995008111,9.999999747378752e-05,0.00019999999494757503,0.01080000028014183,0.7146999835968018
186.57774353027344,0.2718000113964081,0.0010000000474974513,0.0013000000035390258,9.999999747378752e-05,0.00019999999494757503,0.01080000028014183,0.7148000001907349
186.66111755371094,0.2718000113964081,0.0010000000474974513,0.0013000000035390258,9.999999747378752e-05,0.00019999999494757503,0.01080000028014183,0.7148000001907349
186.74447631835938,0.2718000113964081,0.0010000000474974513,0.0013000000035390258,9.999999747378752e-05,0.00019999999494757503,0.01080000028014183,0.7148000001907349
186.82785034179688,0.2718000113964081,0.0008999999845400453,0.00139999995008111,9.999999747378752e-05,0.00019999999494757503,0.01080000028014183,0.7148000001907349
186.9112091064453,0.2718000113964081,0.0008999999845400453,0.00139999995008111,9.999999747378752e-05,0.00019999999494757503,0.01080000028014183,0.7148000001907349
186.9945831298828,0.2718000113964081,0.0008999999845400453,0.00139999995008111,9.999999747378752e-05,0.00019999999494757503,0.01080000028014183,0.7148000001907349
187.0779571533203,0.2718000113964081,0.0008999999845400453,0.00139999995008111,9.999999747378752e-05,0.00019999999494757503,0.01080000028014183,0.7148000001907349
187.16131591796875,0.2718000113964081,0.0007999999797903001,0.001500000013038516,0.0,0.00019999999494757503,0.01080000028014183,0.714900016784668
187.24468994140625,0.2718000113964081,0.0007999999797903001,0.001500000013038516,0.0,9.999999747378752e-05,0.010900000110268593,0.714900016784668
187.3280487060547,0.2718000113964081,0.0007999999797903001,0.001500000013038516,0.0,9.999999747378752e-05,0.010900000110268593,0.714900016784668
187.4114227294922,0.2718000113964081,0.0007999999797903001,0.001500000013038516,0.0,9.999999747378752e-05,0.010900000110268593,0.714900016784668
187.4947967529297,0.2718000113964081,0.0007999999797903001,0.001500000013038516,0.0,9.999999747378752e-05,0.010900000110268593,0.714900016784668
187.57815551757812,0.2718000113964081,0.0007999999797903001,0.001500000013038516,0.0,9.999999747378752e-05,0.010900000110268593,0.714900016784668
187.66152954101562,0.271699994802475,0.0008999999845400453,0.001500000013038516,0.0,9.999999747378752e-05,0.010900000110268593,0.714900016784668
187.74488830566406,0.271699994802475,0.0008999999845400453,0.001500000013038516,0.0,9.999999747378752e-05,0.010900000110268593,0.714900016784668
187.82826232910156,0.271699994802475,0.0008999999845400453,0.001500000013038516,0.0,9.999999747378752e-05,0.010900000110268593,0.714900016784668
187.91163635253906,0.271699994802475,0.0007999999797903001,0.0015999999595806003,0.0,9.999999747378752e-05,0.010900000110268593,0.714900016784668
187.9949951171875,0.271699994802475,0.0007999999797903001,0.0015999999595806003,0.0,9.999999747378752e-05,0.010900000110268593,0.714900016784668
188.078369140625,0.271699994802475,0.0007999999797903001,0.0015999999595806003,0.0,9.999999747378752e-05,0.010900000110268593,0.714900016784668
188.16172790527344,0.271699994802475,0.0007999999797903001,0.0015999999595806003,0.0,9.999999747378752e-05,0.010900000110268593,0.714900016784668
188.24510192871094,0.271699994802475,0.0007999999797903001,0.0015999999595806003,0.0,9.999999747378752e-05,0.010900000110268593,0.714900016784668
188.32847595214844,0.271699994802475,0.0007999999797903001,0.0015999999595806003,0.0,9.999999747378752e-05,0.010900000110268593,0.714900016784668
188.41184997558594,0.271699994802475,0.0007999999797903001,0.0015999999595806003,0.0,9.999999747378752e-05,0.010900000110268593,0.714900016784668
188.49520874023438,0.271699994802475,0.0007999999797903001,0.0015999999595806003,0.0,9.999999747378752e-05,0.010900000110268593,0.714900016784668
188.5785675048828,0.271699994802475,0.0007999999797903001,0.0015999999595806003,0.0,9.999999747378752e-05,0.010900000110268593,0.714900016784668
188.6619415283203,0.271699994802475,0.0007999999797903001,0.0015999999595806003,0.0,9.999999747378752e-05,0.010900000110268593,0.714900016784668
188.74530029296875,0.271699994802475,0.0007999999797903001,0.0015999999595806003,0.0,9.999999747378752e-05,0.010900000110268593,0.714900016784668
188.8286895751953,0.27160000801086426,0.0008999999845400453,0.001500000013038516,0.0,9.999999747378752e-05,0.010900000110268593,0.7149999737739563
188.91204833984375,0.27160000801086426,0.0008999999845400453,0.001500000013038516,0.0,9.999999747378752e-05,0.010900000110268593,0.7149999737739563
188.9954071044922,0.27160000801086426,0.0008999999845400453,0.001500000013038516,0.0,9.999999747378752e-05,0.010900000110268593,0.7149999737739563
189.0787811279297,0.27149999141693115,0.0010000000474974513,0.001500000013038516,0.0,9.999999747378752e-05,0.010900000110268593,0.7149999737739563
189.16213989257812,0.27149999141693115,0.0008999999845400453,0.0015999999595806003,0.0,9.999999747378752e-05,0.010900000110268593,0.7149999737739563
189.2455291748047,0.27149999141693115,0.0008999999845400453,0.001500000013038516,0.0,9.999999747378752e-05,0.010900000110268593,0.7150999903678894
189.32888793945312,0.27149999141693115,0.0008999999845400453,0.001500000013038516,0.0,9.999999747378752e-05,0.010900000110268593,0.7150999903678894
189.41226196289062,0.27149999141693115,0.0007999999797903001,0.0015999999595806003,0.0,9.999999747378752e-05,0.010900000110268593,0.7150999903678894
189.49562072753906,0.27149999141693115,0.0007999999797903001,0.0015999999595806003,0.0,9.999999747378752e-05,0.010900000110268593,0.7150999903678894
189.5789794921875,0.27140000462532043,0.0008999999845400453,0.0015999999595806003,0.0,9.999999747378752e-05,0.010900000110268593,0.7150999903678894
189.662353515625,0.27140000462532043,0.0008999999845400453,0.0015999999595806003,0.0,9.999999747378752e-05,0.010900000110268593,0.7150999903678894
189.7457275390625,0.27140000462532043,0.0008999999845400453,0.0015999999595806003,0.0,9.999999747378752e-05,0.010900000110268593,0.7150999903678894
189.8291015625,0.27129998803138733,0.0010000000474974513,0.00139999995008111,0.0,9.999999747378752e-05,0.010900000110268593,0.7153000235557556
189.91246032714844,0.27129998803138733,0.0010000000474974513,0.0012000000569969416,0.0,9.999999747378752e-05,0.010900000110268593,0.715499997138977
189.99583435058594,0.27129998803138733,0.0010000000474974513,0.0012000000569969416,0.0,9.999999747378752e-05,0.010900000110268593,0.715499997138977
190.07919311523438,0.27129998803138733,0.0010000000474974513,0.0008999999845400453,0.0,9.999999747378752e-05,0.010900000110268593,0.7157999873161316
190.16256713867188,0.2712000012397766,0.0010000000474974513,0.0010000000474974513,0.0,9.999999747378752e-05,0.010900000110268593,0.7157999873161316
190.24594116210938,0.2712000012397766,0.0010000000474974513,0.0010000000474974513,0.0,9.999999747378752e-05,0.010900000110268593,0.7157999873161316
190.3292999267578,0.2712000012397766,0.0008999999845400453,0.0010999999940395355,0.0,9.999999747378752e-05,0.010900000110268593,0.7157999873161316
190.4126739501953,0.2712000012397766,0.0008999999845400453,0.0010999999940395355,0.0,9.999999747378752e-05,0.010900000110268593,0.7157999873161316
190.49603271484375,0.2712000012397766,0.0008999999845400453,0.0010999999940395355,0.0,9.999999747378752e-05,0.010900000110268593,0.7157999873161316
190.57940673828125,0.2709999978542328,0.0010999999940395355,0.0010999999940395355,0.0,9.999999747378752e-05,0.010900000110268593,0.7157999873161316
190.66278076171875,0.2709999978542328,0.0010999999940395355,0.0010999999940395355,0.0,9.999999747378752e-05,0.010900000110268593,0.7157999873161316
190.7461395263672,0.2709999978542328,0.0010999999940395355,0.0010999999940395355,0.0,9.999999747378752e-05,0.010900000110268593,0.7157999873161316
190.8295135498047,0.2709999978542328,0.0010999999940395355,0.0010999999940395355,0.0,9.999999747378752e-05,0.010900000110268593,0.7157999873161316
190.91287231445312,0.2709999978542328,0.0010999999940395355,0.0010999999940395355,0.0,9.999999747378752e-05,0.010900000110268593,0.7157999873161316
190.99624633789062,0.2709999978542328,0.0010999999940395355,0.0010999999940395355,0.0,9.999999747378752e-05,0.010900000110268593,0.7157999873161316
191.07962036132812,0.2709999978542328,0.0010999999940395355,0.0010999999940395355,0.0,9.999999747378752e-05,0.010900000110268593,0.7157999873161316
191.16297912597656,0.2709999978542328,0.0010999999940395355,0.0010999999940395355,0.0,9.999999747378752e-05,0.010900000110268593,0.7157999873161316
191.24635314941406,0.2709999978542328,0.0010999999940395355,0.0010999999940395355,0.0,9.999999747378752e-05,0.010900000110268593,0.7157999873161316
191.3297119140625,0.2709999978542328,0.0010999999940395355,0.0010999999940395355,0.0,9.999999747378752e-05,0.010900000110268593,0.7157999873161316
191.4130859375,0.2709999978542328,0.0010999999940395355,0.0010999999940395355,0.0,9.999999747378752e-05,0.010900000110268593,0.7157999873161316
191.4964599609375,0.2709999978542328,0.0010999999940395355,0.0010999999940395355,0.0,9.999999747378752e-05,0.010900000110268593,0.7157999873161316
191.579833984375,0.2709999978542328,0.0010999999940395355,0.0008999999845400453,0.0,9.999999747378752e-05,0.010900000110268593,0.7160000205039978
191.66319274902344,0.2709999978542328,0.0010999999940395355,0.0008999999845400453,0.0,9.999999747378752e-05,0.010900000110268593,0.7160000205039978
191.74655151367188,0.2709999978542328,0.0010999999940395355,0.0008999999845400453,0.0,9.999999747378752e-05,0.010900000110268593,0.7160000205039978
191.82992553710938,0.2709999978542328,0.0010999999940395355,0.0008999999845400453,0.0,9.999999747378752e-05,0.010900000110268593,0.7160000205039978
191.91329956054688,0.2709999978542328,0.0010999999940395355,0.0008999999845400453,0.0,9.999999747378752e-05,0.010900000110268593,0.7160000205039978
191.99667358398438,0.2709999978542328,0.0010999999940395355,0.0008999999845400453,0.0,9.999999747378752e-05,0.010900000110268593,0.7160000205039978
192.0800323486328,0.2709999978542328,0.0010999999940395355,0.0008999999845400453,0.0,9.999999747378752e-05,0.010900000110268593,0.7160000205039978
192.16339111328125,0.2709999978542328,0.0010999999940395355,0.0008999999845400453,0.0,9.999999747378752e-05,0.010900000110268593,0.7160000205039978
192.24676513671875,0.2709999978542328,0.0010999999940395355,0.0008999999845400453,0.0,9.999999747378752e-05,0.010900000110268593,0.7160000205039978
192.33013916015625,0.2709999978542328,0.0010999999940395355,0.0007999999797903001,0.0,9.999999747378752e-05,0.010900000110268593,0.7160999774932861
192.41351318359375,0.2709999978542328,0.0010999999940395355,0.0007999999797903001,0.0,9.999999747378752e-05,0.010900000110268593,0.7160999774932861
192.4968719482422,0.2709999978542328,0.0010999999940395355,0.0007999999797903001,0.0,9.999999747378752e-05,0.010900000110268593,0.7160999774932861
192.5802459716797,0.2709999978542328,0.0010999999940395355,0.0007999999797903001,0.0,0.0,0.010900000110268593,0.7161999940872192
192.66360473632812,0.2709999978542328,0.0010999999940395355,0.0007999999797903001,0.0,0.0,0.010900000110268593,0.7161999940872192
192.74697875976562,0.2709999978542328,0.0010000000474974513,0.0008999999845400453,0.0,0.0,0.010900000110268593,0.7161999940872192
192.83035278320312,0.2709999978542328,0.0010000000474974513,0.0008999999845400453,0.0,0.0,0.010900000110268593,0.7161999940872192
192.91371154785156,0.2709999978542328,0.000699999975040555,0.0010999999940395355,0.0,0.0,0.010900000110268593,0.7163000106811523
192.99708557128906,0.2709999978542328,0.000699999975040555,0.0010999999940395355,0.0,0.0,0.010900000110268593,0.7163000106811523
193.0804443359375,0.2709999978542328,0.000699999975040555,0.0010999999940395355,0.0,0.0,0.010900000110268593,0.7163000106811523
193.163818359375,0.2709999978542328,0.0006000000284984708,0.0012000000569969416,0.0,0.0,0.010900000110268593,0.7163000106811523
193.2471923828125,0.2709999978542328,0.0006000000284984708,0.0012000000569969416,0.0,0.0,0.010900000110268593,0.7163000106811523
193.33055114746094,0.2709999978542328,0.0006000000284984708,0.0012000000569969416,0.0,0.0,0.010900000110268593,0.7163000106811523
193.41392517089844,0.2709999978542328,0.0005000000237487257,0.0013000000035390258,0.0,0.0,0.010900000110268593,0.7163000106811523
193.49728393554688,0.2709999978542328,0.0005000000237487257,0.0013000000035390258,0.0,0.0,0.010900000110268593,0.7163000106811523
193.58065795898438,0.2709999978542328,0.0005000000237487257,0.0013000000035390258,0.0,0.0,0.010900000110268593,0.7163000106811523
193.66403198242188,0.2709999978542328,0.00039999998989515007,0.00139999995008111,0.0,0.0,0.010900000110268593,0.7163000106811523
193.7473907470703,0.2709999978542328,0.00039999998989515007,0.00139999995008111,0.0,0.0,0.010900000110268593,0.7163000106811523
193.8307647705078,0.2709999978542328,0.00039999998989515007,0.0013000000035390258,0.0,0.0,0.010900000110268593,0.7164000272750854
193.91412353515625,0.2709999978542328,0.00039999998989515007,0.0013000000035390258,0.0,0.0,0.010900000110268593,0.7164000272750854
193.99749755859375,0.2709999978542328,0.00039999998989515007,0.0013000000035390258,0.0,0.0,0.010900000110268593,0.7164000272750854
194.08087158203125,0.2709999978542328,0.00039999998989515007,0.0013000000035390258,0.0,0.0,0.010900000110268593,0.7164000272750854
194.16424560546875,0.2709999978542328,0.00039999998989515007,0.0013000000035390258,0.0,0.0,0.010900000110268593,0.7164000272750854
194.2476043701172,0.27090001106262207,0.0005000000237487257,0.0013000000035390258,0.0,0.0,0.010900000110268593,0.7164000272750854
194.33096313476562,0.27090001106262207,0.0005000000237487257,0.0013000000035390258,0.0,0.0,0.010900000110268593,0.7164000272750854
194.41433715820312,0.27090001106262207,0.00039999998989515007,0.00139999995008111,0.0,0.0,0.010900000110268593,0.7164000272750854
194.49771118164062,0.27090001106262207,0.00039999998989515007,0.0013000000035390258,0.0,0.0,0.010900000110268593,0.7164999842643738
194.58108520507812,0.27090001106262207,0.00039999998989515007,0.0013000000035390258,0.0,0.0,0.010900000110268593,0.7164999842643738
194.66444396972656,0.27079999446868896,0.0005000000237487257,0.0013000000035390258,0.0,0.0,0.010900000110268593,0.7164999842643738
194.74781799316406,0.27079999446868896,0.0005000000237487257,0.0013000000035390258,0.0,0.0,0.010900000110268593,0.7164999842643738
194.8311767578125,0.27079999446868896,0.0005000000237487257,0.0013000000035390258,0.0,0.0,0.010900000110268593,0.7164999842643738
194.91455078125,0.27079999446868896,0.0005000000237487257,0.0013000000035390258,0.0,0.0,0.010900000110268593,0.7164999842643738
194.9979248046875,0.27079999446868896,0.0005000000237487257,0.0013000000035390258,0.0,0.0,0.010900000110268593,0.7164999842643738
195.08128356933594,0.27070000767707825,0.0006000000284984708,0.0013000000035390258,0.0,0.0,0.010900000110268593,0.7164999842643738
195.16465759277344,0.27070000767707825,0.0006000000284984708,0.0013000000035390258,0.0,0.0,0.010900000110268593,0.7164999842643738
195.24801635742188,0.27070000767707825,0.0006000000284984708,0.0013000000035390258,0.0,0.0,0.010900000110268593,0.7164999842643738
195.33139038085938,0.27070000767707825,0.0006000000284984708,0.0013000000035390258,0.0,0.0,0.010900000110268593,0.7164999842643738
195.41476440429688,0.27070000767707825,0.0006000000284984708,0.0013000000035390258,0.0,0.0,0.010900000110268593,0.7164999842643738
195.4981231689453,0.27070000767707825,0.0006000000284984708,0.0013000000035390258,0.0,0.0,0.010900000110268593,0.7164999842643738
195.5814971923828,0.27070000767707825,0.0006000000284984708,0.0013000000035390258,0.0,0.0,0.010900000110268593,0.7164999842643738
195.66485595703125,0.27070000767707825,0.0006000000284984708,0.0013000000035390258,0.0,0.0,0.010900000110268593,0.7164999842643738
195.74822998046875,0.27059999108314514,0.000699999975040555,0.0012000000569969416,0.0,0.0,0.010900000110268593,0.7166000008583069
195.83160400390625,0.27059999108314514,0.000699999975040555,0.0012000000569969416,0.0,0.0,0.010900000110268593,0.7166000008583069
195.9149627685547,0.27059999108314514,0.000699999975040555,0.0012000000569969416,0.0,0.0,0.010900000110268593,0.7166000008583069
195.9983367919922,0.27059999108314514,0.0006000000284984708,0.0012000000569969416,0.0,0.0,0.010900000110268593,0.71670001745224
196.08169555664062,0.27059999108314514,0.0006000000284984708,0.0012000000569969416,0.0,0.0,0.010900000110268593,0.71670001745224
196.16506958007812,0.2705000042915344,0.000699999975040555,0.0012000000569969416,0.0,0.0,0.010900000110268593,0.71670001745224
196.24844360351562,0.2705000042915344,0.000699999975040555,0.0012000000569969416,0.0,0.0,0.010900000110268593,0.71670001745224
196.33180236816406,0.2703999876976013,0.0007999999797903001,0.0012000000569969416,0.0,0.0,0.010900000110268593,0.71670001745224
196.41517639160156,0.2703999876976013,0.0007999999797903001,0.0012000000569969416,0.0,0.0,0.010900000110268593,0.71670001745224
196.49853515625,0.2703999876976013,0.0007999999797903001,0.0012000000569969416,0.0,0.0,0.010900000110268593,0.71670001745224
196.5819091796875,0.2703999876976013,0.000699999975040555,0.0013000000035390258,0.0,0.0,0.010900000110268593,0.71670001745224
196.66526794433594,0.2703999876976013,0.000699999975040555,0.0013000000035390258,0.0,0.0,0.010900000110268593,0.71670001745224
196.7486572265625,0.2703999876976013,0.000699999975040555,0.0013000000035390258,0.0,0.0,0.010900000110268593,0.71670001745224
196.83201599121094,0.2703999876976013,0.000699999975040555,0.0013000000035390258,0.0,0.0,0.010900000110268593,0.71670001745224
196.91537475585938,0.2703999876976013,0.000699999975040555,0.0013000000035390258,0.0,0.0,0.010900000110268593,0.71670001745224
196.99874877929688,0.2703000009059906,0.0007999999797903001,0.0013000000035390258,0.0,0.0,0.010900000110268593,0.71670001745224
197.0821075439453,0.2703000009059906,0.0007999999797903001,0.0013000000035390258,0.0,0.0,0.010900000110268593,0.71670001745224
197.16549682617188,0.2703000009059906,0.0007999999797903001,0.0013000000035390258,0.0,0.0,0.010900000110268593,0.71670001745224
197.2488555908203,0.2703000009059906,0.0007999999797903001,0.0013000000035390258,0.0,0.0,0.010900000110268593,0.71670001745224
197.3322296142578,0.2702000141143799,0.0007999999797903001,0.00139999995008111,0.0,0.0,0.010900000110268593,0.71670001745224
197.41558837890625,0.2700999975204468,0.0008999999845400453,0.00139999995008111,0.0,0.0,0.010900000110268593,0.71670001745224
197.4989471435547,0.2700999975204468,0.0008999999845400453,0.00139999995008111,0.0,0.0,0.010900000110268593,0.71670001745224
197.5823211669922,0.2700999975204468,0.0008999999845400453,0.00139999995008111,0.0,0.0,0.010900000110268593,0.71670001745224
197.6656951904297,0.2700999975204468,0.0008999999845400453,0.0013000000035390258,9.999999747378752e-05,0.0,0.010900000110268593,0.71670001745224
197.7490692138672,0.2700999975204468,0.0008999999845400453,0.0013000000035390258,9.999999747378752e-05,0.0,0.010900000110268593,0.71670001745224
197.83242797851562,0.2700999975204468,0.0008999999845400453,0.0012000000569969416,9.999999747378752e-05,0.0,0.010900000110268593,0.7167999744415283
197.91578674316406,0.2700999975204468,0.0008999999845400453,0.0012000000569969416,9.999999747378752e-05,0.0,0.010900000110268593,0.7167999744415283
197.99916076660156,0.27000001072883606,0.0010000000474974513,0.0010999999940395355,9.999999747378752e-05,0.0,0.010900000110268593,0.7168999910354614
198.08253479003906,0.27000001072883606,0.0010000000474974513,0.0010999999940395355,9.999999747378752e-05,0.0,0.010900000110268593,0.7168999910354614
198.16590881347656,0.27000001072883606,0.0010000000474974513,0.0010999999940395355,9.999999747378752e-05,0.0,0.010900000110268593,0.7168999910354614
198.249267578125,0.27000001072883606,0.0010000000474974513,0.0010999999940395355,9.999999747378752e-05,0.0,0.010900000110268593,0.7168999910354614
198.3326416015625,0.27000001072883606,0.0010000000474974513,0.0010999999940395355,9.999999747378752e-05,0.0,0.010900000110268593,0.7168999910354614
198.41600036621094,0.27000001072883606,0.0010000000474974513,0.0010000000474974513,0.00019999999494757503,0.0,0.010900000110268593,0.7168999910354614
198.49937438964844,0.27000001072883606,0.0010000000474974513,0.0008999999845400453,0.00019999999494757503,0.0,0.010900000110268593,0.7170000076293945
198.58274841308594,0.27000001072883606,0.0010000000474974513,0.0008999999845400453,0.00019999999494757503,0.0,0.010900000110268593,0.7170000076293945
198.66610717773438,0.27000001072883606,0.0008999999845400453,0.0010000000474974513,0.00019999999494757503,0.0,0.010900000110268593,0.7170000076293945
198.74948120117188,0.27000001072883606,0.0007999999797903001,0.0010999999940395355,0.00019999999494757503,0.0,0.010900000110268593,0.7170000076293945
198.8328399658203,0.27000001072883606,0.0007999999797903001,0.0010999999940395355,0.00019999999494757503,0.0,0.010900000110268593,0.7170000076293945
198.9162139892578,0.27000001072883606,0.0007999999797903001,0.0010999999940395355,0.00019999999494757503,0.0,0.010900000110268593,0.7170000076293945
198.9995880126953,0.27000001072883606,0.0007999999797903001,0.0010000000474974513,0.0003000000142492354,0.0,0.010900000110268593,0.7170000076293945
199.08294677734375,0.27000001072883606,0.0007999999797903001,0.0010000000474974513,0.0003000000142492354,0.0,0.010900000110268593,0.7170000076293945
199.16632080078125,0.27000001072883606,0.0007999999797903001,0.0010000000474974513,0.0003000000142492354,0.0,0.010900000110268593,0.7170000076293945
199.2496795654297,0.26989999413490295,0.0008999999845400453,0.0008999999845400453,0.0003000000142492354,0.0,0.010900000110268593,0.7171000242233276
199.3330535888672,0.26989999413490295,0.0008999999845400453,0.0008999999845400453,0.0003000000142492354,0.0,0.010900000110268593,0.7171000242233276
199.4164276123047,0.26989999413490295,0.0008999999845400453,0.0008999999845400453,0.0003000000142492354,0.0,0.010900000110268593,0.7171000242233276
199.49978637695312,0.26989999413490295,0.0007999999797903001,0.0010000000474974513,0.0003000000142492354,0.0,0.010900000110268593,0.7171000242233276
199.58316040039062,0.26989999413490295,0.0007999999797903001,0.0010000000474974513,0.0003000000142492354,0.0,0.010900000110268593,0.7171000242233276
199.66651916503906,0.26989999413490295,0.0007999999797903001,0.0010000000474974513,0.0003000000142492354,0.0,0.010900000110268593,0.7171000242233276
199.74989318847656,0.26989999413490295,0.000699999975040555,0.0010999999940395355,0.0003000000142492354,0.0,0.010900000110268593,0.7171000242233276
199.83326721191406,0.26989999413490295,0.000699999975040555,0.0010999999940395355,0.0003000000142492354,0.0,0.010900000110268593,0.7171000242233276
199.91664123535156,0.26989999413490295,0.000699999975040555,0.0010999999940395355,0.0003000000142492354,0.0,0.010900000110268593,0.7171000242233276
200.0,0.26989999413490295,0.000699999975040555,0.0010999999940395355,0.0003000000142492354,0.0,0.010900000110268593,0.7171000242233276
